STATN	STNCODE	MONTH	TEMP_CTD:mean	TEMP_CTD:std	TEMP_CTD:number_of_values	SALT_CTD:mean	SALT_CTD:std	SALT_CTD:number_of_values	DOXY_BTL_bottom:mean	DOXY_BTL_bottom:std	DOXY_BTL_bottom:number_of_values	O2SAT_BTL:mean	O2SAT_BTL:std	O2SAT_BTL:number_of_values	H2S:mean	H2S:std	H2S:number_of_values	PHOS:mean	PHOS:std	PHOS:number_of_values	DIN:mean	DIN:std	DIN:number_of_values	SIO3-SI:mean	SIO3-SI:std	SIO3-SI:number_of_values	NTRI:mean	NTRI:std	NTRI:number_of_values	NTRA:mean	NTRA:std	NTRA:number_of_values	AMON:mean	AMON:std	AMON:number_of_values	PTOT:mean	PTOT:std	PTOT:number_of_values	NTOT:mean	NTOT:std	NTOT:number_of_values	CHLA:mean	CHLA:std	CHLA:number_of_values	SECCHI:mean	SECCHI:std	SECCHI:number_of_values
BYTTELOCKET	FIBX32	01	3.78	2.11	11	26.09	2.00	10	6.41	0.67	28	98.14	2.41	11	nan	nan	0	0.51	0.13	11	6.37	3.07	11	8.91	4.71	11	0.21	0.10	11	5.86	2.80	11	0.71	0.35	10	18.94	2.59	11	18.94	2.59	11	1.95	2.54	11	5.74	2.40	7
BYTTELOCKET	FIBX32	02	2.16	1.74	12	26.81	3.42	11	6.73	0.50	31	98.62	3.34	13	nan	nan	0	0.58	0.15	13	8.34	3.27	13	9.92	3.78	13	0.40	0.34	13	7.52	2.85	13	0.53	0.30	13	20.24	2.97	13	20.24	2.97	13	2.42	4.18	13	6.81	1.62	8
BYTTELOCKET	FIBX32	03	1.99	1.82	14	24.89	3.40	14	6.74	0.64	33	104.86	5.86	15	nan	nan	0	0.23	0.20	15	2.99	3.69	15	3.08	3.98	15	0.12	0.12	15	3.16	3.60	13	0.18	0.13	15	18.03	3.05	15	18.03	3.05	15	6.41	4.62	15	6.27	2.17	13
BYTTELOCKET	FIBX32	04	4.47	1.19	13	24.38	4.09	12	6.51	0.71	32	105.32	4.33	14	nan	nan	0	0.11	0.08	14	1.48	1.37	14	1.80	1.83	14	0.09	0.06	14	1.57	1.26	11	0.41	0.26	14	16.80	2.60	14	16.80	2.60	14	2.38	1.49	14	7.88	1.96	12
BYTTELOCKET	FIBX32	05	9.72	1.60	15	22.66	3.69	15	6.11	0.53	37	106.83	3.23	17	nan	nan	0	0.06	0.02	17	0.46	0.40	17	1.44	1.11	17	0.05	0.04	17	0.56	0.46	10	0.28	0.16	17	16.45	2.52	17	16.45	2.52	17	1.97	0.67	17	7.56	1.98	15
BYTTELOCKET	FIBX32	06	14.02	1.82	10	24.64	3.67	10	5.39	0.69	35	108.41	3.64	13	nan	nan	0	0.05	0.02	13	0.37	0.44	13	0.59	0.30	13	0.05	0.04	13	0.48	0.53	6	0.18	0.11	13	15.20	2.02	13	15.20	2.02	13	1.88	0.52	13	7.28	1.78	13
BYTTELOCKET	FIBX32	07	17.45	1.56	14	23.46	2.55	14	4.53	0.88	30	104.77	4.41	15	nan	nan	0	0.04	0.02	15	0.20	0.14	15	0.47	0.42	15	0.03	0.03	15	0.11	0.06	5	0.22	0.14	15	15.28	1.59	15	15.28	1.59	15	1.39	1.08	15	9.22	2.28	15
BYTTELOCKET	FIBX32	08	18.76	1.35	12	23.63	1.54	12	4.24	0.68	34	102.90	4.53	15	nan	nan	0	0.05	0.02	15	0.16	0.07	15	0.69	0.54	15	0.03	0.01	15	0.10	0.05	4	0.21	0.13	15	15.52	1.61	15	15.52	1.61	15	1.82	0.75	15	7.96	0.77	14
BYTTELOCKET	FIBX32	09	16.93	0.48	12	25.25	2.66	12	4.21	0.67	32	100.18	4.67	15	nan	nan	0	0.09	0.03	15	0.29	0.39	15	1.38	0.79	15	0.05	0.05	15	0.13	0.05	6	0.32	0.28	15	14.59	2.37	15	14.59	2.37	15	1.91	0.86	15	7.77	1.94	15
BYTTELOCKET	FIBX32	10	13.55	0.93	13	25.47	2.65	12	4.74	0.87	33	98.73	2.61	15	nan	nan	0	0.11	0.04	15	0.29	0.24	15	1.56	1.36	15	0.06	0.07	15	0.17	0.12	9	0.33	0.28	14	16.23	2.41	15	16.23	2.41	15	2.76	1.47	15	7.46	1.42	12
BYTTELOCKET	FIBX32	11	9.79	1.57	14	26.64	2.40	13	5.23	0.61	33	97.73	2.67	15	nan	nan	0	0.29	0.11	15	2.02	1.27	15	3.83	2.04	15	0.28	0.23	15	1.33	0.76	14	0.80	0.65	15	15.68	2.02	15	15.68	2.02	15	2.77	1.70	14	7.43	1.82	14
BYTTELOCKET	FIBX32	12	6.53	2.16	13	27.23	2.87	13	5.83	0.68	29	96.12	3.90	15	nan	nan	0	0.41	0.10	15	3.95	1.65	15	5.26	2.22	15	0.37	0.22	15	3.12	1.48	15	1.00	0.37	15	16.22	2.13	15	16.22	2.13	15	1.54	1.02	15	7.38	3.10	10
HAVSTENSFJORD	FIBO46	01	3.71	1.74	9	20.87	3.05	8	1.33	1.80	23	93.17	3.20	9	nan	nan	0	0.66	0.07	9	14.19	3.65	9	28.07	7.07	9	0.33	0.09	9	12.90	2.61	9	2.66	1.25	9	29.54	4.52	9	29.54	4.52	9	0.47	0.31	9	3.97	3.16	6
HAVSTENSFJORD	FIBO46	02	1.70	1.42	9	22.16	1.39	9	2.26	2.25	24	92.58	4.69	11	nan	nan	0	0.66	0.12	11	15.59	3.58	11	25.76	5.65	11	0.33	0.07	11	14.67	3.43	11	2.22	0.79	11	32.16	5.59	11	32.16	5.59	11	0.42	0.47	11	4.03	1.97	6
HAVSTENSFJORD	FIBO46	03	2.36	1.11	11	21.71	2.36	11	3.36	2.17	26	100.88	6.15	12	nan	nan	0	0.44	0.27	12	12.07	6.04	12	20.72	7.24	12	0.32	0.19	12	11.34	5.75	12	1.01	0.83	12	28.04	4.97	12	28.04	4.97	12	4.44	6.35	12	4.05	1.37	10
HAVSTENSFJORD	FIBO46	04	4.57	1.33	13	20.57	1.71	13	3.15	1.86	28	110.80	7.74	15	nan	nan	0	0.06	0.03	15	5.11	4.36	15	9.28	7.45	15	0.17	0.09	15	4.78	4.18	15	0.48	0.49	15	24.10	7.22	15	24.10	7.22	15	6.01	7.62	15	3.94	1.89	14
HAVSTENSFJORD	FIBO46	05	10.83	1.81	16	20.21	1.64	16	2.34	1.71	33	109.61	5.77	17	nan	nan	0	0.07	0.03	19	2.13	2.16	19	5.04	4.11	19	0.13	0.09	19	2.17	2.00	16	0.47	0.28	19	21.20	4.81	19	21.20	4.81	19	3.07	1.85	19	4.46	1.52	19
HAVSTENSFJORD	FIBO46	06	15.93	1.53	11	20.53	1.38	11	2.40	1.66	31	111.00	8.36	13	nan	nan	0	0.07	0.03	17	0.38	0.48	17	2.58	2.20	17	0.05	0.03	17	0.45	0.33	8	0.22	0.18	15	18.14	2.34	17	18.14	2.34	17	2.98	1.96	16	4.57	1.24	15
HAVSTENSFJORD	FIBO46	07	18.37	1.79	15	20.75	2.45	15	1.54	1.41	30	105.27	7.69	15	nan	nan	0	0.05	0.02	18	0.16	0.10	18	1.29	0.99	18	0.03	0.01	18	nan	nan	2	0.20	0.12	18	17.90	1.84	18	17.90	1.84	18	2.27	0.93	17	5.61	1.72	17
HAVSTENSFJORD	FIBO46	08	19.97	1.47	13	21.27	1.42	13	0.51	0.70	35	107.62	4.19	15	nan	nan	0	0.06	0.03	19	0.16	0.09	19	1.71	1.71	19	0.03	0.02	19	nan	nan	2	0.21	0.13	19	19.62	6.27	19	19.62	6.27	19	2.56	1.53	19	6.31	1.87	19
HAVSTENSFJORD	FIBO46	09	17.78	0.49	13	21.70	1.07	13	0.29	0.65	31	100.34	11.22	16	nan	nan	0	0.07	0.03	19	0.26	0.22	19	3.61	4.98	19	0.05	0.04	19	0.33	0.23	5	0.26	0.25	19	18.94	2.93	19	18.94	2.93	19	3.00	2.12	18	5.28	1.91	17
HAVSTENSFJORD	FIBO46	10	13.64	1.12	13	22.04	1.93	13	0.10	0.40	32	95.62	3.72	15	nan	nan	0	0.11	0.06	20	0.75	0.80	20	6.58	5.87	20	0.10	0.07	20	0.72	0.72	15	0.37	0.38	20	18.36	2.54	20	18.36	2.54	20	2.52	1.38	18	4.82	1.46	20
HAVSTENSFJORD	FIBO46	11	9.27	1.33	14	21.81	2.25	13	0.33	1.00	33	92.77	3.77	16	nan	nan	0	0.32	0.20	18	4.22	2.65	18	14.65	9.09	18	0.26	0.16	18	3.51	2.24	18	1.45	1.23	18	21.98	3.98	18	21.98	3.98	18	2.81	2.04	18	3.63	0.92	12
HAVSTENSFJORD	FIBO46	12	5.69	1.49	13	22.55	2.74	13	0.88	1.48	32	88.99	7.56	15	nan	nan	0	0.72	0.42	18	8.77	2.66	18	21.03	6.70	18	0.37	0.22	18	7.73	2.51	18	2.05	0.62	18	24.47	4.65	18	24.47	4.65	18	0.82	1.19	17	3.43	0.93	9
DANAFJORD	KANI04	01	3.02	1.89	14	22.35	3.67	13	6.23	0.53	29	97.82	2.41	14	nan	nan	0	0.51	0.09	14	7.88	3.48	14	10.45	3.87	14	0.22	0.08	14	7.36	3.36	14	1.10	0.97	14	21.97	5.31	14	21.97	5.31	14	2.43	1.99	13	4.70	2.01	11
DANAFJORD	KANI04	02	1.40	1.35	16	21.25	2.79	15	6.57	0.46	34	98.31	4.44	17	nan	nan	0	0.51	0.17	17	9.57	3.83	17	11.56	3.92	17	0.28	0.15	17	9.48	2.93	16	1.00	0.81	17	24.04	3.70	16	24.04	3.70	16	3.49	5.96	16	3.68	1.28	17
DANAFJORD	KANI04	03	1.79	1.28	19	19.18	2.91	19	6.40	0.38	37	104.17	6.38	20	nan	nan	0	0.24	0.21	20	7.63	5.13	20	6.45	4.47	20	0.16	0.10	20	8.06	4.37	18	0.87	0.83	20	24.35	4.98	17	24.35	4.98	17	6.38	4.86	20	4.24	2.13	19
DANAFJORD	KANI04	04	4.30	1.18	17	19.46	3.51	17	6.31	0.46	36	104.22	3.74	18	nan	nan	0	0.11	0.05	18	5.29	3.64	18	4.12	2.33	18	0.12	0.05	18	5.33	3.79	18	1.02	0.68	18	22.14	5.16	15	22.14	5.16	15	2.71	1.58	18	4.62	1.84	18
DANAFJORD	KANI04	05	10.00	1.79	21	16.87	2.09	21	5.88	0.54	36	106.96	4.08	22	nan	nan	0	0.08	0.03	22	4.62	2.86	22	3.41	1.84	22	0.12	0.05	22	4.38	2.79	22	0.71	0.45	22	21.57	3.82	18	21.57	3.82	18	2.80	1.27	22	4.05	1.36	22
DANAFJORD	KANI04	06	14.73	1.59	12	18.94	2.40	12	5.46	0.40	32	109.43	4.69	15	nan	nan	0	0.07	0.03	15	1.66	1.49	15	1.26	0.94	15	0.08	0.05	15	2.13	1.36	11	0.26	0.26	15	18.53	3.14	15	18.53	3.14	15	2.56	1.01	15	4.95	1.70	15
DANAFJORD	KANI04	07	17.61	1.29	13	19.96	1.82	13	4.92	0.42	33	106.08	3.85	15	nan	nan	0	0.05	0.01	15	1.36	1.84	15	1.19	1.06	15	0.06	0.05	15	1.93	1.86	11	0.37	0.35	15	17.96	2.51	15	17.96	2.51	15	2.12	0.98	15	6.51	2.07	15
DANAFJORD	KANI04	08	19.12	1.39	13	19.55	2.22	13	4.10	0.42	34	105.15	4.76	16	nan	nan	0	0.07	0.04	16	1.55	2.01	16	1.19	1.06	16	0.08	0.07	16	2.54	2.16	10	0.39	0.33	16	18.21	3.89	16	18.21	3.89	16	2.77	1.68	16	5.66	1.60	16
DANAFJORD	KANI04	09	17.06	0.53	14	20.82	2.87	13	3.76	0.36	36	100.77	3.96	16	nan	nan	0	0.09	0.05	16	1.84	1.81	16	2.56	1.86	16	0.11	0.07	16	2.30	1.37	11	0.63	0.57	16	18.77	3.65	16	18.77	3.65	16	3.00	1.42	16	5.07	2.16	16
DANAFJORD	KANI04	10	13.14	1.60	15	22.17	2.12	14	4.29	0.53	34	98.60	2.08	17	nan	nan	0	0.13	0.05	17	1.50	1.35	17	2.86	2.49	17	0.10	0.07	17	1.24	1.29	17	0.53	0.38	17	17.85	2.43	17	17.85	2.43	17	3.24	1.26	17	4.98	1.43	16
DANAFJORD	KANI04	11	9.36	1.76	15	22.34	3.55	14	5.03	0.41	35	97.56	2.36	16	nan	nan	0	0.28	0.09	16	3.81	2.29	16	5.01	2.37	16	0.26	0.22	16	3.21	2.19	16	1.28	0.81	16	18.92	3.78	16	18.92	3.78	16	3.01	1.39	16	4.94	1.76	13
DANAFJORD	KANI04	12	6.17	1.80	13	23.51	3.15	13	5.64	0.46	28	96.41	2.55	15	nan	nan	0	0.40	0.09	15	5.68	1.74	15	6.99	2.63	15	0.33	0.20	15	4.74	1.48	15	1.30	0.72	15	19.77	2.51	15	19.77	2.51	15	2.15	1.29	15	4.48	1.68	12
ÅSTOL	FIBO53	01	3.22	1.90	13	23.55	2.05	12	6.28	0.36	24	98.14	2.53	13	nan	nan	0	0.51	0.08	13	8.60	2.65	13	10.38	3.91	13	0.21	0.09	13	8.06	2.43	13	0.85	0.36	13	20.86	3.02	13	20.86	3.02	13	1.67	1.41	13	5.73	1.85	12
ÅSTOL	FIBO53	02	1.60	1.38	15	22.80	2.47	14	6.65	0.41	25	98.96	4.37	16	nan	nan	0	0.51	0.17	16	10.01	3.53	16	11.46	3.90	16	0.30	0.19	16	9.36	3.19	16	0.75	0.43	16	23.88	3.59	15	23.88	3.59	15	3.40	5.65	16	5.20	1.75	14
ÅSTOL	FIBO53	03	1.64	1.43	19	21.47	3.40	19	6.56	0.35	33	104.78	6.15	20	nan	nan	0	0.22	0.19	20	5.29	4.36	20	5.11	4.43	20	0.16	0.11	20	5.21	4.04	19	0.28	0.21	20	21.43	4.50	17	21.43	4.50	17	6.29	4.79	20	5.60	1.98	20
ÅSTOL	FIBO53	04	4.56	1.25	16	20.31	3.49	16	6.33	0.38	28	105.08	3.74	17	nan	nan	0	0.10	0.05	17	4.48	2.71	17	3.18	2.10	17	0.12	0.06	17	4.39	2.51	16	0.62	0.54	17	20.17	5.27	14	20.17	5.27	14	2.88	1.97	17	5.75	1.82	17
ÅSTOL	FIBO53	05	10.16	1.79	20	19.12	2.17	19	6.01	0.44	35	106.46	3.00	21	nan	nan	0	0.07	0.03	21	2.57	2.56	21	2.46	1.53	21	0.10	0.06	21	2.70	2.52	18	0.37	0.24	21	19.62	3.73	17	19.62	3.73	17	2.65	1.06	21	5.80	1.93	21
ÅSTOL	FIBO53	06	14.77	1.61	10	20.27	2.45	10	5.41	0.54	29	109.31	4.94	13	nan	nan	0	0.06	0.02	14	0.93	1.01	14	0.89	0.59	14	0.06	0.04	14	1.44	1.15	8	0.24	0.19	14	17.28	2.45	14	17.28	2.45	14	2.31	0.95	14	5.86	1.23	14
ÅSTOL	FIBO53	07	17.47	1.33	15	20.77	1.97	15	4.80	0.37	27	106.21	3.98	15	nan	nan	0	0.04	0.02	16	0.93	1.22	16	0.89	0.83	16	0.05	0.04	16	1.72	1.20	7	0.25	0.15	16	16.93	1.80	16	16.93	1.80	16	1.99	0.78	16	7.47	1.98	16
ÅSTOL	FIBO53	08	19.19	1.38	13	20.15	1.32	13	3.91	0.71	28	107.24	5.88	15	nan	nan	0	0.05	0.02	16	0.44	0.56	16	0.96	0.93	16	0.05	0.03	16	0.62	0.64	9	0.23	0.10	16	17.19	1.23	16	17.19	1.23	16	2.72	1.56	16	6.41	1.69	16
ÅSTOL	FIBO53	09	17.18	0.50	13	21.46	2.13	13	3.70	0.56	24	101.42	6.37	14	nan	nan	0	0.07	0.02	15	0.45	0.55	15	1.55	1.06	15	0.05	0.03	15	0.68	0.71	5	0.27	0.19	15	16.68	1.85	15	16.68	1.85	15	2.68	1.00	15	7.91	3.81	15
ÅSTOL	FIBO53	10	13.62	0.99	13	23.08	1.94	13	4.43	0.69	26	100.42	1.55	15	nan	nan	0	0.09	0.04	15	0.74	0.92	15	2.19	1.93	15	0.07	0.06	15	0.67	0.94	12	0.30	0.37	15	16.37	2.07	15	16.37	2.07	15	3.63	1.36	15	6.89	1.35	14
ÅSTOL	FIBO53	11	9.39	1.52	15	22.91	2.60	14	5.23	0.47	29	97.34	3.40	16	nan	nan	0	0.26	0.09	16	4.14	2.52	16	5.85	3.16	16	0.27	0.21	16	3.39	2.40	16	0.99	0.52	16	18.89	3.19	16	18.89	3.19	16	3.00	1.09	16	6.10	1.89	13
ÅSTOL	FIBO53	12	6.03	1.81	12	23.71	2.97	12	5.53	0.70	25	96.79	3.04	14	nan	nan	0	0.40	0.10	14	6.11	3.20	14	7.44	3.43	14	0.37	0.26	14	5.19	3.13	14	1.20	0.45	14	19.52	3.11	14	19.52	3.11	14	1.75	0.99	14	6.71	3.23	11
KOLJÖFJORD	FIBO42	01	3.86	1.80	10	22.46	1.84	9	0.88	2.21	23	90.47	4.10	10	nan	nan	0	0.76	0.13	10	12.44	3.99	10	25.67	4.10	10	0.34	0.10	10	11.38	3.14	10	2.17	0.94	10	27.60	4.37	10	27.60	4.37	10	0.42	0.31	10	4.20	1.18	4
KOLJÖFJORD	FIBO42	02	1.60	1.26	10	22.91	1.57	9	1.40	2.31	22	91.94	4.30	11	nan	nan	0	0.74	0.08	11	14.62	3.24	11	25.37	3.75	11	0.33	0.09	11	13.71	2.98	11	1.88	0.30	11	30.77	2.97	11	30.77	2.97	11	0.36	0.21	11	4.25	1.60	4
KOLJÖFJORD	FIBO42	03	2.10	1.43	13	22.50	1.71	13	1.03	2.02	26	99.82	8.53	14	nan	nan	0	0.47	0.26	14	11.10	5.74	14	19.64	8.65	14	0.31	0.18	14	10.54	5.37	14	0.67	0.55	14	26.38	4.15	14	26.38	4.15	14	5.04	7.55	14	5.44	2.18	12
KOLJÖFJORD	FIBO42	04	4.47	1.30	13	21.80	1.62	13	1.51	1.92	26	113.30	9.65	14	nan	nan	0	0.06	0.04	14	2.99	2.82	14	7.13	8.92	14	0.15	0.13	14	2.95	2.52	13	0.34	0.36	14	21.52	6.40	14	21.52	6.40	14	6.71	5.88	14	4.77	2.42	14
KOLJÖFJORD	FIBO42	05	10.73	1.90	16	21.09	1.63	16	1.26	1.97	31	110.08	5.66	17	nan	nan	0	0.06	0.02	17	1.50	1.56	17	3.48	3.96	17	0.11	0.09	17	1.67	1.39	13	0.30	0.18	17	19.86	3.91	17	19.86	3.91	17	3.28	2.04	17	5.16	1.83	17
KOLJÖFJORD	FIBO42	06	15.73	1.50	9	21.54	1.34	9	1.13	1.60	27	109.97	5.03	13	nan	nan	0	0.06	0.02	13	0.21	0.21	13	2.44	2.09	13	0.04	0.02	13	0.15	0.13	4	0.20	0.13	13	17.31	2.09	13	17.31	2.09	13	2.42	1.05	13	5.78	1.50	13
KOLJÖFJORD	FIBO42	07	18.17	1.48	14	21.64	1.79	14	0.78	1.28	24	104.68	6.27	15	nan	nan	0	0.07	0.09	15	0.16	0.06	15	1.55	2.10	15	0.03	0.02	15	0.07	0.04	3	0.16	0.09	15	17.70	1.60	15	17.70	1.60	15	2.43	0.85	15	5.79	1.37	15
KOLJÖFJORD	FIBO42	08	19.81	1.28	12	21.84	1.61	12	0.23	1.34	30	104.03	3.57	15	nan	nan	0	0.05	0.03	15	0.16	0.07	15	1.31	0.90	15	0.03	0.02	15	nan	nan	2	0.18	0.11	15	17.28	2.07	15	17.28	2.07	15	2.45	1.23	15	6.75	1.65	15
KOLJÖFJORD	FIBO42	09	17.80	0.32	13	22.17	0.96	13	-0.08	1.28	26	100.59	7.11	15	nan	nan	0	0.06	0.02	17	0.18	0.12	17	2.23	1.55	17	0.03	0.01	17	nan	nan	2	0.21	0.19	17	17.21	1.29	17	17.21	1.29	17	2.39	1.03	15	6.46	1.60	14
KOLJÖFJORD	FIBO42	10	13.88	0.96	13	22.36	1.64	13	-0.64	1.35	25	92.39	3.95	15	nan	nan	0	0.11	0.06	18	0.44	0.38	18	4.01	3.39	18	0.06	0.05	18	0.45	0.34	11	0.29	0.37	18	17.40	1.85	18	17.40	1.85	18	2.91	1.89	15	6.09	1.31	16
KOLJÖFJORD	FIBO42	11	9.42	1.49	14	22.60	1.70	13	-0.48	1.73	28	89.51	4.14	15	nan	nan	0	0.33	0.17	16	3.12	2.75	16	10.94	6.94	16	0.23	0.19	16	2.46	2.61	16	1.19	0.94	16	19.28	3.04	16	19.28	3.04	16	2.70	1.84	15	5.36	1.53	7
KOLJÖFJORD	FIBO42	12	5.85	2.06	13	23.09	2.03	13	-0.08	1.92	29	88.58	4.82	14	nan	nan	0	0.60	0.21	15	7.23	3.20	15	18.47	6.42	15	0.39	0.22	15	6.00	3.08	15	1.90	0.95	15	22.51	3.67	15	22.51	3.67	15	0.67	0.33	15	4.50	1.26	5
GALTERÖ	FIBO10	01	3.55	1.54	10	22.94	2.32	9	6.19	0.49	25	95.67	2.02	10	nan	nan	0	0.59	0.07	10	10.76	3.99	10	15.79	6.54	10	0.25	0.06	10	9.83	3.20	10	1.74	0.72	10	24.09	3.87	10	24.09	3.87	10	0.98	1.18	10	4.06	0.95	8
GALTERÖ	FIBO10	02	1.96	1.29	10	23.95	1.97	9	6.41	0.44	24	94.73	3.90	11	nan	nan	0	0.63	0.08	11	12.74	3.53	11	16.76	5.18	11	0.35	0.14	11	11.73	3.12	11	1.56	0.63	11	26.94	3.78	11	26.94	3.78	11	1.06	1.88	11	4.68	1.58	11
GALTERÖ	FIBO10	03	1.85	1.57	14	22.06	2.59	13	6.54	0.48	30	106.30	8.02	15	nan	nan	0	0.27	0.24	15	6.68	5.80	15	7.96	7.17	15	0.23	0.17	15	6.60	5.42	14	0.50	0.46	15	23.78	5.20	15	23.78	5.20	15	7.50	6.75	15	4.61	1.34	14
GALTERÖ	FIBO10	04	4.89	1.27	13	21.37	2.37	13	6.10	0.61	28	107.54	5.13	14	nan	nan	0	0.09	0.06	14	3.74	2.24	14	4.38	3.70	14	0.14	0.05	14	3.34	2.18	14	0.77	0.65	14	21.60	4.39	14	21.60	4.39	14	3.46	2.94	14	5.00	1.56	14
GALTERÖ	FIBO10	05	10.80	1.64	16	20.16	1.83	16	5.69	0.46	31	108.51	5.59	17	nan	nan	0	0.08	0.03	17	1.61	1.71	17	3.67	2.89	17	0.11	0.08	17	1.58	1.66	14	0.47	0.38	17	20.74	3.83	17	20.74	3.83	17	3.72	2.19	17	4.54	1.17	17
GALTERÖ	FIBO10	06	15.58	1.41	11	21.00	1.87	11	5.03	0.48	30	113.56	7.64	13	nan	nan	0	0.08	0.03	14	0.30	0.34	14	1.93	1.52	14	0.05	0.02	14	0.27	0.24	7	0.24	0.18	14	18.47	2.73	14	18.47	2.73	14	3.48	1.65	14	4.71	1.05	13
GALTERÖ	FIBO10	07	18.27	1.58	15	21.27	1.85	15	4.18	0.40	27	106.42	5.74	15	nan	nan	0	0.06	0.02	16	0.29	0.36	16	1.64	1.45	16	0.04	0.03	16	0.43	0.49	6	0.19	0.11	16	17.95	1.90	16	17.95	1.90	16	3.22	0.79	16	4.76	1.21	16
GALTERÖ	FIBO10	08	19.63	1.55	13	21.24	1.65	13	3.08	0.58	29	108.56	7.39	15	nan	nan	0	0.08	0.03	16	0.16	0.05	16	1.77	1.45	16	0.04	0.01	16	0.09	0.04	5	0.20	0.10	16	18.42	2.03	16	18.42	2.03	16	4.54	3.17	16	5.30	0.99	16
GALTERÖ	FIBO10	09	17.54	0.37	13	21.89	1.72	13	3.00	0.69	27	100.56	7.88	14	nan	nan	0	0.09	0.02	17	0.24	0.17	17	2.58	1.98	17	0.06	0.03	17	0.11	0.04	8	0.28	0.27	17	18.29	1.84	17	18.29	1.84	17	4.77	2.11	15	5.02	1.31	17
GALTERÖ	FIBO10	10	13.72	1.08	13	23.42	2.14	13	3.65	0.82	28	97.28	3.58	15	nan	nan	0	0.15	0.06	18	0.85	0.94	18	4.43	2.88	18	0.13	0.09	18	0.66	0.82	15	0.38	0.28	18	18.31	2.61	18	18.31	2.61	18	5.23	2.27	15	4.73	1.10	17
GALTERÖ	FIBO10	11	9.48	1.35	14	23.33	1.18	13	4.60	0.68	28	93.53	3.17	15	nan	nan	0	0.35	0.15	16	4.14	2.14	16	9.12	4.85	16	0.32	0.16	16	3.24	1.73	16	1.50	0.78	16	20.10	2.23	16	20.10	2.23	16	3.09	2.12	15	4.98	1.10	14
GALTERÖ	FIBO10	12	5.82	1.89	12	24.09	2.38	12	5.48	0.63	29	93.03	2.79	14	nan	nan	0	0.51	0.11	15	7.46	2.93	15	12.63	4.96	15	0.43	0.21	15	6.27	2.92	15	1.97	0.57	15	21.89	3.72	15	21.89	3.72	15	1.33	0.73	15	4.64	1.61	12
INSTÖ RÄNNA	FIBO07	01	3.17	1.77	12	19.70	2.49	11	7.10	0.61	27	97.47	1.63	12	nan	nan	0	0.47	0.09	12	13.58	2.93	12	12.49	3.56	12	0.23	0.07	12	12.94	2.84	12	1.42	0.57	12	27.33	4.16	12	27.33	4.16	12	1.10	1.17	11	3.14	1.17	11
INSTÖ RÄNNA	FIBO07	02	1.66	1.41	12	21.20	3.46	11	7.19	0.43	28	96.83	2.53	13	nan	nan	0	0.54	0.08	13	14.25	3.95	13	13.16	3.09	13	0.30	0.14	13	13.58	3.85	13	1.09	0.49	13	28.28	5.63	13	28.28	5.63	13	0.88	1.02	12	3.86	1.93	11
INSTÖ RÄNNA	FIBO07	03	1.85	1.49	14	19.02	2.75	14	7.67	0.89	34	105.83	7.53	15	nan	nan	0	0.21	0.17	15	8.43	4.91	15	6.45	5.26	15	0.19	0.10	15	8.01	4.68	15	0.42	0.27	15	24.68	4.97	15	24.68	4.97	15	7.11	6.56	15	4.47	1.57	15
INSTÖ RÄNNA	FIBO07	04	4.47	1.25	14	18.54	3.94	14	7.39	0.78	33	105.08	3.47	15	nan	nan	0	0.10	0.05	15	7.18	3.81	15	4.44	2.99	15	0.13	0.05	15	6.82	3.78	15	0.95	0.69	15	23.44	5.67	15	23.44	5.67	15	2.10	1.11	15	5.10	2.05	15
INSTÖ RÄNNA	FIBO07	05	10.24	1.92	17	17.64	2.37	17	6.66	0.60	36	106.29	3.60	18	nan	nan	0	0.06	0.02	18	4.04	3.26	18	2.91	1.74	18	0.12	0.04	18	3.74	3.25	18	0.56	0.29	18	21.98	3.83	18	21.98	3.83	18	2.69	1.17	18	4.58	1.61	18
INSTÖ RÄNNA	FIBO07	06	15.02	1.79	11	19.31	3.23	11	6.03	0.62	35	108.15	4.67	14	nan	nan	0	0.07	0.02	14	2.55	2.68	14	1.59	1.03	14	0.10	0.05	14	2.83	2.67	11	0.41	0.29	14	20.17	3.90	14	20.17	3.90	14	3.17	1.22	14	4.70	1.27	14
INSTÖ RÄNNA	FIBO07	07	17.76	1.45	14	18.69	2.77	14	5.30	0.65	33	105.56	5.82	16	nan	nan	0	0.07	0.02	16	2.21	2.41	16	1.84	1.36	16	0.10	0.07	16	2.42	2.28	14	0.40	0.20	16	20.64	2.88	16	20.64	2.88	16	3.21	1.36	16	4.40	1.04	16
INSTÖ RÄNNA	FIBO07	08	19.36	1.57	13	18.45	1.72	13	4.31	0.99	34	104.79	7.15	16	nan	nan	0	0.07	0.03	16	1.33	1.43	16	1.86	2.05	16	0.09	0.05	16	1.44	1.32	13	0.39	0.27	16	20.49	2.08	16	20.49	2.08	16	4.58	1.71	16	3.99	1.17	16
INSTÖ RÄNNA	FIBO07	09	16.91	0.81	14	20.65	3.53	13	4.50	1.07	36	100.60	4.77	17	nan	nan	0	0.09	0.03	17	1.30	1.87	17	2.41	2.31	17	0.09	0.06	17	1.42	1.99	12	0.52	0.38	16	19.46	3.54	17	19.46	3.54	17	3.99	1.22	17	4.56	1.41	17
INSTÖ RÄNNA	FIBO07	10	12.93	1.60	15	20.07	3.38	14	5.21	0.91	36	98.31	2.35	17	nan	nan	0	0.10	0.03	17	3.64	3.37	17	3.93	3.42	17	0.16	0.10	17	3.25	3.27	17	0.76	0.60	17	20.13	4.80	17	20.13	4.80	17	3.63	1.13	17	4.38	1.33	16
INSTÖ RÄNNA	FIBO07	11	8.86	1.71	17	21.21	2.58	16	5.86	0.67	35	95.56	2.24	18	nan	nan	0	0.29	0.09	18	6.69	2.84	18	7.60	3.02	18	0.33	0.19	18	5.82	2.63	18	1.63	0.52	18	22.54	3.30	18	22.54	3.30	18	1.86	0.98	18	4.30	1.98	16
INSTÖ RÄNNA	FIBO07	12	5.28	1.85	13	21.75	3.53	13	6.42	0.60	30	96.08	1.73	15	nan	nan	0	0.40	0.09	16	8.46	3.79	16	8.75	3.75	16	0.38	0.23	16	7.46	3.90	16	1.69	0.40	16	23.04	4.49	16	23.04	4.49	16	1.34	0.55	16	4.08	1.98	13
VALÖ	KANI01	01	2.93	2.19	13	22.99	1.89	12	6.52	0.88	28	98.81	1.52	13	nan	nan	0	0.51	0.13	13	5.51	2.34	13	9.44	4.70	13	0.24	0.13	13	4.97	2.12	13	0.60	0.29	13	19.67	2.41	13	19.67	2.41	13	2.92	2.70	13	5.88	1.69	6
VALÖ	KANI01	02	1.35	1.53	14	22.09	2.98	13	6.57	0.64	31	99.07	3.37	15	nan	nan	0	0.55	0.17	15	6.85	2.74	15	11.16	3.03	15	0.30	0.18	15	6.62	2.21	14	0.45	0.30	15	21.22	2.64	15	21.22	2.64	15	3.23	4.84	15	6.65	2.25	10
VALÖ	KANI01	03	2.02	1.90	16	21.52	3.45	16	6.54	0.75	34	105.49	6.83	17	nan	nan	0	0.26	0.23	17	3.39	4.15	17	4.49	4.36	17	0.12	0.11	17	4.08	4.13	13	0.27	0.24	17	20.16	2.92	17	20.16	2.92	17	7.07	6.13	17	5.91	2.45	16
VALÖ	KANI01	04	4.00	1.22	12	21.03	2.77	12	5.88	0.55	29	103.68	4.04	13	nan	nan	0	0.11	0.07	13	1.29	1.89	13	2.09	1.56	13	0.06	0.04	13	1.45	1.94	10	0.40	0.28	13	17.76	1.84	13	17.76	1.84	13	2.34	1.51	13	7.22	1.62	13
VALÖ	KANI01	05	10.19	2.08	16	18.38	2.30	16	5.81	0.42	32	107.49	3.94	17	nan	nan	0	0.06	0.02	17	0.60	0.84	17	2.07	1.64	17	0.05	0.03	17	0.97	1.39	11	0.17	0.08	16	18.12	2.69	17	18.12	2.69	17	2.36	1.37	17	6.59	2.45	17
VALÖ	KANI01	06	15.30	1.80	13	19.46	1.56	13	5.35	0.54	36	107.45	4.46	16	nan	nan	0	0.05	0.02	16	0.39	0.44	16	1.04	0.71	16	0.04	0.02	16	0.57	0.61	9	0.15	0.08	16	16.60	1.68	16	16.60	1.68	16	1.54	0.64	16	6.76	1.83	16
VALÖ	KANI01	07	18.02	1.49	11	20.25	1.78	11	4.74	0.76	29	105.94	3.44	11	nan	nan	0	0.05	0.01	12	0.43	0.80	12	0.74	0.62	12	0.04	0.04	12	0.67	0.97	6	0.22	0.12	12	16.91	1.59	12	16.91	1.59	12	1.30	0.82	12	8.02	1.80	11
VALÖ	KANI01	08	18.98	1.35	13	20.51	1.96	13	3.62	0.84	33	104.33	5.09	16	nan	nan	0	0.07	0.05	16	0.40	0.84	16	0.98	1.49	16	0.05	0.09	16	0.58	1.02	6	0.32	0.41	15	16.94	2.32	16	16.94	2.32	16	1.68	0.74	16	8.21	2.04	15
VALÖ	KANI01	09	16.71	1.07	13	22.37	2.10	13	3.49	0.79	34	100.16	3.16	15	nan	nan	0	0.07	0.03	15	0.23	0.23	15	1.56	0.86	15	0.04	0.03	15	0.20	0.22	4	0.25	0.17	15	15.91	2.31	15	15.91	2.31	15	2.33	1.84	15	8.49	3.04	15
VALÖ	KANI01	10	13.49	1.43	12	22.17	1.87	12	4.48	1.10	32	100.24	2.47	15	nan	nan	0	0.11	0.04	15	0.35	0.34	15	2.23	2.17	15	0.06	0.05	15	0.37	0.33	7	0.22	0.14	15	15.83	2.58	15	15.83	2.58	15	3.30	1.55	15	6.82	1.44	14
VALÖ	KANI01	11	9.54	1.59	14	24.07	2.94	13	5.18	0.74	32	98.13	2.66	15	nan	nan	0	0.27	0.13	15	1.68	1.70	15	3.69	2.25	15	0.17	0.21	15	1.53	1.31	12	0.49	0.50	15	17.32	4.35	15	17.32	4.35	15	3.62	1.30	15	6.40	1.93	13
VALÖ	KANI01	12	6.29	1.82	12	24.27	2.28	12	5.81	0.96	27	96.70	3.53	14	nan	nan	0	0.36	0.09	14	3.44	2.04	14	5.45	3.41	14	0.25	0.21	14	2.80	1.85	14	0.78	0.38	14	18.02	2.94	14	18.02	2.94	14	3.49	2.85	14	6.28	1.59	5
BYFJORDEN	FIBO47	01	4.03	1.51	9	20.17	3.84	8	-3.80	3.21	23	90.00	3.68	10	nan	nan	0	0.68	0.13	10	16.10	4.18	10	32.63	8.30	10	0.37	0.06	10	14.68	3.16	10	3.11	1.18	10	32.54	5.40	10	32.54	5.40	10	0.44	0.46	10	3.23	2.46	7
BYFJORDEN	FIBO47	02	2.86	1.56	8	21.10	4.33	7	-4.87	3.19	22	88.93	7.46	9	nan	nan	0	0.66	0.18	10	17.73	4.90	10	30.85	8.65	10	0.34	0.08	10	16.83	4.96	10	2.75	1.44	10	34.99	8.45	10	34.99	8.45	10	0.22	0.13	9	3.02	2.25	6
BYFJORDEN	FIBO47	03	2.74	1.22	12	20.73	2.82	11	-3.40	3.31	29	99.97	8.44	13	nan	nan	0	0.43	0.30	15	13.34	6.12	15	23.83	9.58	15	0.35	0.19	15	12.54	5.80	15	1.47	1.42	15	30.95	6.90	15	30.95	6.90	15	3.66	5.98	13	3.68	1.16	12
BYFJORDEN	FIBO47	04	4.50	1.18	13	19.04	3.23	13	-3.27	3.57	28	107.09	7.74	15	nan	nan	0	0.08	0.04	15	8.45	5.65	15	15.03	9.47	15	0.22	0.08	15	7.97	5.56	15	1.00	0.93	15	28.11	8.61	15	28.11	8.61	15	5.38	6.05	15	3.23	1.87	15
BYFJORDEN	FIBO47	05	10.79	1.68	15	19.88	1.78	16	-2.93	3.80	32	107.85	5.83	17	nan	nan	0	0.07	0.03	19	3.79	2.69	19	7.89	5.50	19	0.17	0.08	19	3.60	2.55	18	0.91	0.51	19	23.99	5.84	19	23.99	5.84	19	3.24	1.77	19	4.07	1.49	18
BYFJORDEN	FIBO47	06	15.44	1.14	10	20.21	1.50	10	-3.73	3.40	29	111.32	10.20	13	nan	nan	0	0.07	0.02	16	0.83	0.98	16	3.90	2.88	16	0.09	0.08	16	1.38	0.90	8	0.27	0.23	15	19.75	4.26	16	19.75	4.26	16	3.47	1.43	15	4.06	1.35	14
BYFJORDEN	FIBO47	07	18.41	1.87	14	20.59	1.92	14	-4.06	3.54	27	105.06	8.15	15	nan	nan	0	0.06	0.02	18	0.36	0.40	18	2.61	2.36	18	0.05	0.03	18	0.35	0.37	10	0.27	0.33	18	19.80	1.98	18	19.80	1.98	18	2.76	1.24	17	4.16	1.32	17
BYFJORDEN	FIBO47	08	19.95	1.61	12	21.14	1.50	12	-4.78	3.28	33	105.53	10.15	15	nan	nan	0	0.05	0.03	18	0.19	0.12	18	2.06	2.14	18	0.04	0.04	18	0.13	0.10	4	0.20	0.14	18	18.69	1.90	18	18.69	1.90	18	3.48	1.82	18	4.76	1.39	18
BYFJORDEN	FIBO47	09	18.04	0.71	13	21.11	1.37	13	-5.01	3.31	28	97.89	12.18	16	nan	nan	0	0.08	0.06	19	0.71	0.89	19	5.69	5.30	19	0.07	0.06	19	1.11	0.95	8	0.54	0.80	19	21.58	4.56	19	21.58	4.56	19	3.45	1.69	18	4.60	2.21	17
BYFJORDEN	FIBO47	10	13.78	1.20	13	20.90	3.50	13	-5.44	2.95	28	94.18	5.74	16	nan	nan	0	0.13	0.08	20	2.11	2.54	20	11.12	12.59	20	0.16	0.10	20	1.89	2.43	19	0.83	0.99	20	22.00	6.90	19	22.00	6.90	19	3.47	2.05	18	3.65	1.37	17
BYFJORDEN	FIBO47	11	9.69	1.09	14	20.86	2.50	13	-4.78	2.97	31	89.53	4.90	16	nan	nan	0	0.35	0.20	18	6.09	3.75	18	20.13	12.80	18	0.32	0.17	18	5.23	3.54	18	2.04	1.45	18	25.10	7.06	18	25.10	7.06	18	2.48	2.23	18	2.79	1.75	14
BYFJORDEN	FIBO47	12	6.51	1.38	13	21.07	4.57	13	-4.47	3.09	30	86.30	7.39	16	nan	nan	0	0.81	0.65	18	10.19	3.91	18	27.30	11.71	18	0.38	0.15	18	9.12	3.72	18	3.15	1.98	18	27.44	6.77	18	27.44	6.77	18	0.46	0.28	17	2.81	1.58	10
BJÖRKHOLMEN	FIBG23	01	4.09	1.62	8	23.59	4.09	7	2.89	1.09	22	97.20	2.15	9	nan	nan	0	0.49	0.08	9	10.32	5.88	9	21.66	16.03	9	0.23	0.15	9	9.64	5.40	9	1.09	0.53	9	26.48	9.98	9	26.48	9.98	9	1.19	1.66	9	4.60	3.91	4
BJÖRKHOLMEN	FIBG23	02	2.58	2.37	7	26.07	4.16	6	3.62	0.91	20	95.50	4.43	8	nan	nan	0	0.65	0.09	8	11.09	3.68	8	18.07	11.36	8	0.28	0.17	8	10.44	3.43	8	0.77	0.38	8	24.28	6.32	8	24.28	6.32	8	0.47	0.29	8	5.51	3.02	7
BJÖRKHOLMEN	FIBG23	03	2.40	1.30	10	23.10	2.97	10	4.23	1.07	23	104.18	7.62	11	nan	nan	0	0.32	0.21	11	7.45	5.00	11	12.75	7.72	11	0.22	0.14	11	6.98	4.72	11	0.52	0.32	11	23.86	3.80	11	23.86	3.80	11	5.79	5.01	11	4.38	2.29	9
BJÖRKHOLMEN	FIBG23	04	4.60	1.40	12	21.65	5.01	12	4.20	0.99	26	106.09	6.20	13	nan	nan	0	0.11	0.07	13	4.66	4.36	13	10.51	11.29	13	0.13	0.06	13	4.66	4.30	12	0.94	0.83	13	25.21	9.23	13	25.21	9.23	13	3.15	3.12	13	4.73	2.71	10
BJÖRKHOLMEN	FIBG23	05	10.36	2.08	16	20.42	2.74	16	4.38	0.95	33	107.15	6.91	17	nan	nan	0	0.08	0.03	17	3.13	5.96	17	7.06	7.44	17	0.09	0.08	17	3.99	6.69	12	0.73	0.43	17	20.76	8.56	17	20.76	8.56	17	2.28	1.10	17	5.26	3.08	17
BJÖRKHOLMEN	FIBG23	06	15.14	1.77	10	22.46	2.76	10	4.07	0.94	29	112.42	10.62	13	nan	nan	0	0.06	0.02	13	0.79	1.37	13	1.59	2.38	13	0.06	0.05	13	1.18	1.29	8	0.30	0.28	13	18.32	3.79	13	18.32	3.79	13	3.16	2.59	13	4.62	1.55	13
BJÖRKHOLMEN	FIBG23	07	18.17	1.55	13	23.34	2.59	13	3.92	0.80	28	106.26	6.19	15	nan	nan	0	0.05	0.02	15	0.30	0.30	15	1.08	0.90	15	0.04	0.03	15	0.23	0.17	6	0.27	0.24	15	15.89	1.92	15	15.89	1.92	15	1.69	0.99	15	6.60	2.26	15
BJÖRKHOLMEN	FIBG23	08	19.48	1.62	12	22.73	1.67	12	3.29	0.69	29	106.18	5.37	15	nan	nan	0	0.05	0.02	15	0.19	0.13	15	1.40	1.22	15	0.03	0.02	15	0.11	0.02	4	0.22	0.12	15	17.22	2.61	15	17.22	2.61	15	2.35	1.45	15	5.82	2.22	14
BJÖRKHOLMEN	FIBG23	09	17.45	0.62	13	23.25	2.63	13	3.16	0.50	28	104.11	9.35	15	nan	nan	0	0.07	0.05	15	0.51	0.80	15	2.68	1.92	15	0.05	0.03	15	0.76	1.14	8	0.26	0.16	15	18.51	3.30	15	18.51	3.30	15	4.07	2.87	15	5.07	2.08	13
BJÖRKHOLMEN	FIBG23	10	13.62	1.06	13	23.53	4.36	13	2.82	0.55	27	98.48	3.66	15	nan	nan	0	0.10	0.04	15	1.37	1.97	15	6.89	11.50	15	0.10	0.09	15	1.41	1.98	12	0.42	0.38	14	20.14	7.04	15	20.14	7.04	15	4.08	2.66	15	5.76	3.10	13
BJÖRKHOLMEN	FIBG23	11	9.70	1.25	14	22.77	3.08	13	2.47	0.72	28	94.62	5.27	15	nan	nan	0	0.30	0.11	15	4.57	3.30	15	12.79	9.87	15	0.26	0.15	15	4.04	3.03	14	1.00	0.68	15	23.26	8.44	15	23.26	8.44	15	3.08	2.48	15	4.80	3.87	10
BJÖRKHOLMEN	FIBG23	12	6.50	1.28	12	21.79	6.74	12	2.70	1.00	27	93.48	5.17	14	nan	nan	0	0.43	0.09	14	8.39	5.94	14	20.26	17.78	14	0.39	0.17	14	7.43	5.92	14	1.31	0.42	14	24.17	9.62	14	24.17	9.62	14	1.31	0.81	14	3.33	3.23	7
STRETUDDEN	FIBB70	01	3.81	1.68	10	26.09	2.04	9	6.15	0.59	26	97.20	2.62	11	nan	nan	0	0.53	0.09	11	7.22	3.31	11	10.89	6.18	11	0.19	0.08	11	6.65	2.96	11	0.90	0.40	10	20.21	3.53	11	20.21	3.53	11	1.70	1.71	11	5.67	2.82	6
STRETUDDEN	FIBB70	02	2.01	1.86	12	26.80	3.29	11	6.50	0.35	26	97.91	3.13	13	nan	nan	0	0.57	0.15	13	8.79	3.32	13	11.03	5.03	13	0.36	0.28	13	8.05	2.96	13	0.66	0.39	13	20.83	3.55	13	20.83	3.55	13	2.17	3.93	13	6.05	1.15	10
STRETUDDEN	FIBB70	03	1.83	1.76	14	24.62	3.36	14	6.33	0.42	29	104.71	6.39	15	nan	nan	0	0.23	0.21	15	3.53	3.97	15	4.23	4.98	14	0.14	0.12	15	3.46	3.82	14	0.21	0.14	15	17.99	4.05	15	17.99	4.05	15	6.28	4.49	15	6.58	2.44	14
STRETUDDEN	FIBB70	04	4.40	1.36	13	23.98	3.85	13	6.22	0.50	28	104.96	5.13	14	nan	nan	0	0.11	0.09	14	2.20	2.42	14	3.16	4.26	14	0.10	0.07	14	2.25	2.40	12	0.61	0.49	14	18.99	4.57	14	18.99	4.57	14	2.65	2.07	14	6.55	2.81	14
STRETUDDEN	FIBB70	05	9.83	1.73	15	22.93	3.21	15	5.82	0.52	32	106.61	4.46	17	nan	nan	0	0.08	0.03	17	0.78	0.82	17	1.90	1.31	17	0.06	0.05	17	0.93	0.83	10	0.35	0.21	17	16.90	2.34	17	16.90	2.34	17	2.11	1.03	17	7.07	2.17	16
STRETUDDEN	FIBB70	06	14.42	1.94	10	24.44	3.38	10	4.95	0.77	29	108.88	4.78	13	nan	nan	0	0.06	0.03	13	0.29	0.26	13	0.55	0.39	13	0.05	0.04	13	0.52	0.78	6	0.18	0.08	13	16.21	3.83	13	16.21	3.83	13	2.12	0.58	13	6.32	1.88	13
STRETUDDEN	FIBB70	07	17.65	1.65	14	23.65	2.26	14	4.37	0.90	26	104.51	4.72	15	nan	nan	0	0.05	0.02	15	0.20	0.17	15	0.53	0.56	15	0.04	0.03	15	0.09	0.05	4	0.23	0.15	15	15.17	1.39	15	15.17	1.39	15	1.47	1.14	15	8.21	2.60	15
STRETUDDEN	FIBB70	08	19.01	1.49	12	23.53	1.25	12	3.72	1.01	30	104.80	3.87	15	nan	nan	0	0.05	0.02	15	0.17	0.10	15	0.83	0.56	15	0.03	0.01	15	0.09	0.04	4	0.21	0.13	15	16.07	2.40	15	16.07	2.40	15	1.89	0.92	15	6.95	1.27	15
STRETUDDEN	FIBB70	09	17.10	0.54	13	24.98	2.08	13	3.47	0.82	28	101.17	5.60	15	nan	nan	0	0.07	0.03	15	0.22	0.19	15	1.31	0.89	15	0.04	0.02	15	0.09	0.03	6	0.29	0.19	15	15.50	2.23	15	15.50	2.23	15	2.18	0.97	15	7.19	1.85	14
STRETUDDEN	FIBB70	10	13.39	0.99	13	25.37	2.50	13	4.13	0.80	28	99.69	1.60	15	nan	nan	0	0.10	0.03	15	0.39	0.49	15	2.03	2.52	15	0.05	0.03	15	0.25	0.20	9	0.39	0.51	14	16.82	3.02	15	16.82	3.02	15	3.71	1.69	15	6.40	2.17	15
STRETUDDEN	FIBB70	11	9.62	1.57	14	26.29	2.22	13	4.96	0.61	29	96.44	3.43	15	nan	nan	0	0.29	0.12	15	2.45	1.75	15	4.88	2.63	15	0.34	0.36	15	1.67	1.00	14	0.81	0.75	15	16.89	1.82	15	16.89	1.82	15	3.51	2.81	15	6.41	1.80	13
STRETUDDEN	FIBB70	12	6.48	1.96	13	26.86	2.59	13	5.55	0.48	28	95.33	3.65	15	nan	nan	0	0.43	0.11	15	4.49	1.99	15	6.40	3.55	15	0.38	0.22	15	3.62	1.81	15	1.12	0.51	15	17.29	3.00	15	17.29	3.00	15	1.71	1.15	15	7.42	2.13	10
SKALKORGARNA	KANI02	01	2.74	1.85	15	18.98	2.66	14	7.37	0.54	29	97.31	2.06	15	nan	nan	0	0.48	0.08	15	12.94	3.60	15	14.27	5.13	15	0.28	0.08	15	12.17	3.47	15	3.03	1.41	15	30.36	5.47	15	30.36	5.47	15	2.04	1.90	14	2.37	0.84	7
SKALKORGARNA	KANI02	02	1.36	1.36	16	18.73	2.77	15	7.40	0.75	35	96.27	6.66	17	nan	nan	0	0.50	0.15	17	13.48	3.41	17	14.75	3.82	17	0.30	0.11	17	12.72	3.22	17	2.62	1.44	17	30.28	5.33	17	30.28	5.33	17	2.61	4.20	16	2.80	1.09	10
SKALKORGARNA	KANI02	03	1.84	1.48	16	17.75	3.12	16	7.74	1.09	37	102.48	6.73	17	nan	nan	0	0.27	0.21	17	10.98	5.22	17	8.62	4.51	17	0.20	0.11	17	10.36	4.40	17	2.49	1.32	17	29.42	5.81	17	29.42	5.81	17	6.25	5.45	17	2.68	1.27	12
SKALKORGARNA	KANI02	04	4.06	1.19	14	17.21	3.84	14	7.36	0.83	34	103.58	4.08	15	nan	nan	0	0.16	0.11	15	7.88	2.96	15	6.01	3.28	15	0.16	0.09	15	7.60	2.59	15	2.48	1.43	15	26.71	5.43	15	26.71	5.43	15	2.11	1.58	15	3.11	1.52	14
SKALKORGARNA	KANI02	05	9.85	1.86	17	15.44	2.09	17	6.71	0.66	34	107.06	4.99	18	nan	nan	0	0.08	0.04	18	6.92	4.13	18	5.01	2.32	18	0.15	0.06	18	6.58	4.04	18	1.66	0.98	18	26.43	4.89	18	26.43	4.89	18	2.95	1.55	18	3.19	1.11	18
SKALKORGARNA	KANI02	06	14.51	1.53	12	17.15	2.77	12	5.94	0.73	35	109.27	7.18	15	nan	nan	0	0.09	0.03	15	4.66	3.18	15	2.50	1.64	15	0.14	0.05	15	4.36	2.90	15	1.01	0.86	15	23.84	4.51	15	23.84	4.51	15	4.06	1.69	15	3.15	0.86	15
SKALKORGARNA	KANI02	07	17.41	1.19	13	17.65	1.99	13	5.42	0.62	33	105.92	5.75	15	nan	nan	0	0.08	0.02	15	4.10	2.81	15	2.87	1.49	15	0.15	0.07	15	3.97	2.93	15	1.05	0.74	15	23.40	3.86	15	23.40	3.86	15	3.08	1.14	15	3.47	0.47	15
SKALKORGARNA	KANI02	08	18.99	1.46	13	17.84	2.51	13	4.72	0.88	33	104.20	7.42	16	nan	nan	0	0.10	0.06	16	3.51	2.24	16	3.01	2.07	16	0.18	0.10	16	3.40	2.12	16	1.08	0.68	16	22.76	3.26	16	22.76	3.26	16	4.84	2.21	16	3.31	1.04	15
SKALKORGARNA	KANI02	09	16.91	0.78	15	18.97	2.93	14	4.55	0.94	35	98.72	6.90	17	nan	nan	0	0.14	0.07	17	4.61	2.67	17	4.43	2.45	17	0.21	0.13	17	4.08	2.25	17	1.79	1.23	17	23.36	4.33	17	23.36	4.33	17	4.17	2.12	17	3.14	1.14	16
SKALKORGARNA	KANI02	10	12.99	1.60	15	18.65	2.24	14	5.40	0.71	36	96.98	2.94	18	nan	nan	0	0.18	0.07	18	5.12	2.71	18	5.61	4.83	18	0.22	0.15	18	4.57	2.67	18	2.28	2.02	18	23.13	4.46	18	23.13	4.46	18	3.23	1.15	18	3.14	1.39	14
SKALKORGARNA	KANI02	11	8.92	1.77	16	19.89	3.52	15	5.91	0.70	35	95.93	1.86	17	nan	nan	0	0.33	0.10	17	8.07	3.60	17	7.91	2.30	17	0.32	0.19	17	7.05	3.59	17	2.70	1.29	17	25.01	4.92	17	25.01	4.92	17	2.26	1.00	17	2.66	0.84	10
SKALKORGARNA	KANI02	12	5.98	1.70	14	20.69	4.23	14	6.28	1.00	30	94.59	5.09	16	nan	nan	0	0.41	0.11	16	9.94	3.25	16	10.50	4.89	16	0.37	0.24	16	8.61	3.06	16	2.88	1.28	16	25.70	4.97	16	25.70	4.97	16	1.50	0.79	16	2.74	0.93	9
KOSTERFJORDEN (NR16)	FIBK40	01	4.01	1.61	5	28.59	1.60	5	4.31	0.45	21	98.03	2.17	12	nan	nan	0	0.51	0.07	12	6.07	2.15	12	7.15	2.96	12	0.20	0.10	12	5.62	2.00	12	0.60	0.26	12	17.95	2.27	12	17.95	2.27	12	1.77	1.67	12	8.32	1.86	11
KOSTERFJORDEN (NR16)	FIBK40	02	2.08	3.06	3	27.08	4.78	3	4.57	0.84	20	98.12	4.00	12	nan	nan	0	0.59	0.16	12	8.86	3.91	12	9.10	3.83	12	0.34	0.42	12	8.11	3.54	12	0.51	0.29	12	20.31	3.72	12	20.31	3.72	12	2.65	5.20	12	7.14	2.26	12
KOSTERFJORDEN (NR16)	FIBK40	03	1.87	1.71	5	24.50	2.25	5	5.19	0.90	23	105.01	6.75	13	nan	nan	0	0.24	0.20	13	4.31	4.33	13	3.13	3.39	13	0.12	0.11	13	5.18	4.01	10	0.33	0.28	13	18.38	5.02	13	18.38	5.02	13	4.43	2.95	13	7.32	1.38	14
KOSTERFJORDEN (NR16)	FIBK40	04	4.34	1.63	5	28.65	1.88	5	5.83	0.75	22	105.54	3.34	13	nan	nan	0	0.11	0.09	14	1.67	1.98	14	1.47	1.70	14	0.11	0.11	14	1.54	1.87	12	0.55	0.32	14	18.81	6.55	14	18.81	6.55	14	2.25	1.89	14	10.55	2.44	14
KOSTERFJORDEN (NR16)	FIBK40	05	9.25	0.63	5	23.60	2.50	5	6.07	0.25	27	104.93	3.33	16	nan	nan	0	0.08	0.07	16	1.68	1.66	16	3.64	2.76	16	0.08	0.06	16	1.73	1.62	14	0.70	0.43	16	19.79	9.85	16	19.79	9.85	16	1.94	0.81	16	8.89	2.98	16
KOSTERFJORDEN (NR16)	FIBK40	06	14.02	1.68	4	23.51	3.36	4	5.73	0.44	25	109.05	5.58	13	nan	nan	0	0.06	0.03	13	0.57	0.49	13	2.12	2.15	13	0.06	0.04	13	0.62	0.50	10	0.33	0.22	13	16.62	3.37	13	16.62	3.37	13	2.61	2.02	13	6.35	2.68	13
KOSTERFJORDEN (NR16)	FIBK40	07	16.45	1.01	6	25.44	3.05	6	5.46	0.27	23	105.43	3.74	14	nan	nan	0	0.05	0.02	14	0.33	0.47	14	0.67	1.24	14	0.04	0.03	14	0.59	0.88	5	0.34	0.24	14	15.05	2.65	14	15.05	2.65	14	1.49	0.82	15	9.77	3.51	15
KOSTERFJORDEN (NR16)	FIBK40	08	18.74	1.95	5	25.14	2.85	5	5.17	0.35	25	103.24	2.97	14	nan	nan	0	0.06	0.03	15	0.30	0.24	15	1.08	1.13	15	0.04	0.01	15	0.34	0.40	8	0.71	1.21	15	18.92	10.20	15	18.92	10.20	15	1.74	0.68	15	8.90	1.73	15
KOSTERFJORDEN (NR16)	FIBK40	09	16.70	0.84	6	24.49	2.12	6	4.92	0.44	24	100.73	4.80	15	nan	nan	0	0.09	0.08	15	0.50	0.96	15	2.02	1.31	15	0.04	0.02	15	0.68	1.14	7	0.42	0.33	15	15.36	4.16	15	15.36	4.16	15	2.46	1.10	15	8.15	2.32	15
KOSTERFJORDEN (NR16)	FIBK40	10	13.89	0.95	6	27.16	2.08	6	4.83	0.38	24	96.18	4.59	15	nan	nan	0	0.11	0.03	14	0.40	0.33	14	2.12	1.95	14	0.08	0.07	14	0.33	0.24	9	0.34	0.31	13	15.16	6.85	15	15.16	6.85	15	2.56	0.98	15	8.30	1.71	15
KOSTERFJORDEN (NR16)	FIBK40	11	10.42	1.11	6	28.01	1.69	6	4.63	0.32	25	95.37	6.84	15	nan	nan	0	0.28	0.06	15	2.89	1.80	15	4.73	2.45	15	0.33	0.17	15	2.18	1.64	14	0.81	0.62	15	15.94	2.72	15	15.94	2.72	15	2.26	1.39	15	9.01	1.53	15
KOSTERFJORDEN (NR16)	FIBK40	12	6.30	2.24	6	27.33	3.55	6	4.42	0.42	23	94.91	5.26	15	nan	nan	0	0.41	0.10	15	4.79	1.65	15	5.88	3.19	15	0.40	0.24	15	3.87	1.60	15	0.75	0.41	15	15.99	2.79	15	15.99	2.79	15	1.39	1.11	15	9.11	2.61	15
E ÄLVSBORGSBRON	KANI07	01	2.12	1.72	13	4.44	2.05	12	7.25	0.50	22	96.29	3.24	12	nan	nan	0	0.22	0.05	13	29.77	4.79	13	27.84	8.66	13	0.17	0.05	13	29.22	4.71	13	2.33	1.17	12	49.13	6.17	13	49.13	6.17	13	1.64	1.17	12	1.37	0.26	3
E ÄLVSBORGSBRON	KANI07	02	0.84	0.87	14	3.21	1.66	14	7.58	0.84	24	96.97	4.41	15	nan	nan	0	0.23	0.13	15	31.27	5.15	15	26.63	6.61	15	0.18	0.05	15	30.71	5.47	15	2.06	0.72	15	49.81	6.68	14	49.81	6.68	14	1.26	0.75	13	1.57	0.32	7
E ÄLVSBORGSBRON	KANI07	03	1.26	1.06	19	3.04	0.95	19	7.87	0.93	31	99.76	3.57	21	nan	nan	0	0.18	0.14	20	30.82	5.71	20	23.49	6.21	20	0.19	0.12	20	30.22	5.48	20	2.15	1.00	20	48.93	5.88	18	48.93	5.88	18	4.38	3.81	17	1.36	0.39	14
E ÄLVSBORGSBRON	KANI07	04	3.59	1.15	17	3.24	1.33	17	7.57	0.72	28	101.16	3.84	18	nan	nan	0	0.17	0.09	18	30.19	5.75	18	21.25	7.58	18	0.20	0.07	18	29.58	5.97	18	2.19	0.93	18	49.70	8.69	15	49.70	8.69	15	2.06	0.83	15	1.52	0.53	13
E ÄLVSBORGSBRON	KANI07	05	9.31	1.99	20	3.09	0.97	20	6.68	0.48	31	100.59	2.36	22	nan	nan	0	0.12	0.07	22	27.87	6.36	22	14.16	5.91	22	0.21	0.06	22	27.23	6.58	22	2.29	0.57	22	46.88	7.72	18	46.88	7.72	18	2.49	1.04	18	1.76	0.42	22
E ÄLVSBORGSBRON	KANI07	06	14.11	1.57	12	3.68	1.52	14	5.89	0.57	26	98.24	2.62	13	nan	nan	0	0.13	0.07	15	24.60	5.13	15	11.49	3.68	15	0.25	0.06	15	23.80	4.97	15	2.37	0.87	15	44.34	5.00	15	44.34	5.00	15	3.05	1.03	15	1.66	0.32	14
E ÄLVSBORGSBRON	KANI07	07	16.70	1.81	13	3.53	1.49	13	5.28	0.40	26	95.24	3.75	15	nan	nan	0	0.18	0.13	15	23.56	4.42	15	13.18	4.58	15	0.32	0.08	15	22.54	4.75	15	2.77	0.77	15	45.60	4.44	15	45.60	4.44	15	2.82	1.20	15	1.50	0.40	15
E ÄLVSBORGSBRON	KANI07	08	18.35	1.81	12	3.94	1.20	13	4.81	0.55	25	92.05	2.92	15	nan	nan	0	0.24	0.10	16	21.05	4.19	16	12.75	2.95	16	0.39	0.11	16	20.05	4.11	16	3.54	2.21	15	42.51	5.14	16	42.51	5.14	16	2.73	1.13	16	1.57	0.34	15
E ÄLVSBORGSBRON	KANI07	09	16.24	0.92	15	3.94	1.66	15	4.49	0.72	27	90.36	3.82	16	nan	nan	0	0.25	0.12	17	21.09	4.25	17	14.43	5.19	17	0.36	0.11	17	20.76	3.46	16	3.04	0.73	17	43.04	5.10	17	43.04	5.10	17	2.67	1.43	17	1.92	0.37	12
E ÄLVSBORGSBRON	KANI07	10	12.23	1.83	14	4.45	3.14	13	5.03	0.98	27	92.35	3.07	17	nan	nan	0	0.23	0.08	17	21.53	4.66	17	16.18	8.37	17	0.31	0.11	17	20.50	5.23	17	2.87	0.94	17	41.73	7.26	17	41.73	7.26	17	2.15	0.86	16	1.44	0.58	8
E ÄLVSBORGSBRON	KANI07	11	7.64	1.52	14	3.87	1.37	13	5.89	0.49	26	92.89	3.48	16	nan	nan	0	0.25	0.12	16	25.53	4.01	16	21.67	9.21	16	0.26	0.13	16	24.52	4.13	16	2.52	0.81	16	46.10	6.28	16	46.10	6.28	16	2.12	0.70	16	1.40	0.37	6
E ÄLVSBORGSBRON	KANI07	12	4.08	1.40	12	3.95	1.62	12	6.38	0.64	25	93.46	6.02	15	nan	nan	0	0.27	0.16	15	27.95	5.47	15	24.53	9.49	15	0.32	0.31	15	26.91	6.40	15	2.30	0.79	15	46.02	7.23	15	46.02	7.23	15	1.62	0.62	15	0.83	0.24	3
ANHOLT E	KAEX29	01	2.99	1.88	25	22.55	3.70	25	5.99	0.45	35	99.11	1.28	25	nan	nan	0	0.57	0.12	25	5.46	1.72	25	9.45	2.96	25	0.30	0.15	25	4.87	1.66	25	0.37	0.22	24	19.19	1.66	24	19.19	1.66	24	2.00	2.24	25	7.50	2.69	4
ANHOLT E	KAEX29	02	2.06	1.52	28	21.39	2.95	28	6.07	0.50	38	102.33	3.78	29	nan	nan	0	0.44	0.21	29	4.77	2.97	29	8.14	3.93	29	0.23	0.17	29	4.81	2.46	26	0.21	0.15	29	20.62	2.56	29	20.62	2.56	29	5.59	5.15	28	5.70	2.29	10
ANHOLT E	KAEX29	03	2.84	1.58	24	19.50	2.53	24	5.94	0.51	32	105.06	2.95	26	nan	nan	0	0.13	0.13	26	0.65	1.29	26	3.20	3.79	26	0.07	0.10	26	1.37	1.52	9	0.19	0.12	24	18.15	2.34	26	18.15	2.34	26	4.91	3.77	26	7.35	2.72	10
ANHOLT E	KAEX29	04	6.55	1.89	32	17.73	2.69	32	5.59	0.56	45	104.18	2.81	31	nan	nan	0	0.08	0.04	32	0.16	0.13	32	2.35	1.97	32	0.03	0.02	32	0.21	0.20	5	0.17	0.14	31	17.02	1.84	32	17.02	1.84	32	1.66	1.21	31	8.08	1.46	19
ANHOLT E	KAEX29	05	11.02	1.55	23	16.69	2.31	23	5.64	0.44	34	103.90	2.40	23	nan	nan	0	0.08	0.03	23	0.15	0.09	23	2.53	1.80	23	0.03	0.03	23	nan	nan	2	0.13	0.10	23	16.60	1.88	23	16.60	1.88	23	1.30	0.79	23	8.12	1.58	17
ANHOLT E	KAEX29	06	15.49	1.82	30	17.66	3.18	30	5.05	0.48	43	105.60	2.94	30	nan	nan	0	0.07	0.04	30	0.15	0.05	30	2.06	1.76	30	0.03	0.01	30	0.12	0.03	6	0.13	0.07	30	16.38	1.51	30	16.38	1.51	30	1.31	0.67	30	7.26	1.45	19
ANHOLT E	KAEX29	07	18.55	1.53	33	18.61	2.33	33	4.12	0.53	44	105.22	5.19	34	nan	nan	0	0.06	0.04	35	0.14	0.05	35	0.92	1.10	35	0.03	0.01	35	0.13	0.05	4	0.15	0.09	35	16.28	2.09	35	16.28	2.09	35	1.25	1.13	35	8.17	1.90	26
ANHOLT E	KAEX29	08	19.05	1.36	41	19.01	2.07	41	3.26	0.69	59	102.80	3.64	40	nan	nan	0	0.06	0.03	41	0.15	0.09	41	1.20	0.94	41	0.03	0.01	41	nan	nan	2	0.18	0.08	39	16.39	1.62	41	16.39	1.62	41	1.07	0.64	40	9.12	1.67	20
ANHOLT E	KAEX29	09	16.48	1.02	37	19.90	1.91	37	2.64	0.77	53	101.37	1.79	39	nan	nan	0	0.07	0.03	39	0.14	0.04	39	1.84	1.23	39	0.03	0.01	39	0.10	0.00	3	0.19	0.09	39	16.37	1.54	39	16.37	1.54	39	1.38	0.81	39	8.13	1.93	15
ANHOLT E	KAEX29	10	12.02	1.31	27	21.46	2.49	27	3.59	0.86	36	99.89	2.00	28	nan	nan	0	0.17	0.06	28	0.17	0.09	28	3.56	1.97	28	0.03	0.02	28	0.16	0.07	7	0.17	0.08	27	15.86	1.91	28	15.86	1.91	28	2.70	0.93	28	7.86	0.83	7
ANHOLT E	KAEX29	11	8.84	1.61	16	22.14	3.32	16	4.43	0.46	37	99.71	1.83	20	nan	nan	0	0.26	0.10	19	0.75	0.80	19	4.35	3.51	19	0.11	0.12	19	0.68	0.58	14	0.26	0.21	17	15.22	2.01	20	15.22	2.01	20	4.02	2.23	20	8.25	1.56	8
ANHOLT E	KAEX29	12	5.91	1.97	17	23.08	4.32	16	5.18	0.55	28	99.26	1.68	19	nan	nan	0	0.45	0.12	19	3.23	1.11	19	7.15	3.06	19	0.24	0.16	19	2.76	0.99	19	0.43	0.24	17	16.68	1.95	19	16.68	1.95	19	2.18	1.68	19	nan	nan	2
FLADEN	KANX25	01	3.59	1.86	18	25.20	3.66	18	6.22	0.50	28	98.75	1.06	18	nan	nan	0	0.63	0.13	18	6.83	2.73	18	10.56	2.82	18	0.35	0.42	18	6.12	2.17	18	0.53	0.38	18	20.34	2.44	18	20.34	2.44	18	1.62	2.32	18	6.67	0.94	3
FLADEN	KANX25	02	2.12	1.37	23	22.55	3.47	23	6.41	0.37	34	101.69	2.98	24	nan	nan	0	0.46	0.20	24	5.39	3.22	24	8.22	4.52	24	0.26	0.19	24	5.82	2.25	20	0.21	0.18	23	20.50	2.89	24	20.50	2.89	24	3.83	3.88	23	nan	nan	1
FLADEN	KANX25	03	3.21	1.60	14	22.23	3.55	14	6.41	0.29	22	105.13	3.52	15	nan	nan	0	0.10	0.06	15	0.70	1.57	15	1.72	1.77	15	0.05	0.06	15	1.19	1.97	7	0.21	0.19	14	17.27	2.57	15	17.27	2.57	15	4.30	3.79	15	6.42	2.71	6
FLADEN	KANX25	04	6.41	1.85	16	20.27	3.58	16	6.16	0.27	27	105.62	3.16	16	nan	nan	0	0.07	0.03	16	0.58	1.66	16	1.74	1.70	16	0.04	0.03	16	nan	nan	2	0.18	0.13	16	17.03	2.35	16	17.03	2.35	16	2.34	1.68	16	7.50	2.29	4
FLADEN	KANX25	05	10.95	1.50	12	19.44	3.17	12	5.83	0.26	22	104.04	2.30	12	nan	nan	0	0.06	0.02	12	0.13	0.02	12	1.63	1.41	12	0.02	0.00	12	0.12	0.02	3	0.13	0.07	12	16.31	1.63	12	16.31	1.63	12	1.44	0.57	12	8.62	2.63	4
FLADEN	KANX25	06	15.52	1.88	18	20.78	3.46	18	5.37	0.47	26	105.03	2.82	17	nan	nan	0	0.05	0.02	17	0.14	0.05	17	1.21	1.41	17	0.03	0.01	17	0.10	0.00	3	0.11	0.06	17	15.50	2.15	17	15.50	2.15	17	1.35	0.65	17	8.21	2.14	7
FLADEN	KANX25	07	18.37	1.35	19	21.05	2.98	19	4.65	0.39	26	104.79	3.21	19	nan	nan	0	0.06	0.03	19	0.14	0.04	19	0.48	0.53	19	0.02	0.01	19	nan	nan	1	0.16	0.08	18	16.00	4.10	19	16.00	4.10	19	1.05	0.51	19	8.50	1.94	8
FLADEN	KANX25	08	18.87	1.29	17	20.77	2.73	17	4.21	0.36	29	102.43	2.50	18	nan	nan	0	0.07	0.05	18	0.14	0.06	18	1.26	1.05	18	0.02	0.01	18	nan	nan	1	0.16	0.07	17	16.22	2.32	18	16.22	2.32	18	1.01	0.44	18	7.60	1.02	5
FLADEN	KANX25	09	16.28	0.99	28	23.12	2.66	28	3.96	0.59	47	100.68	1.97	28	nan	nan	0	0.07	0.03	28	0.15	0.07	28	1.70	1.07	28	0.03	0.02	28	0.18	0.10	4	0.20	0.13	28	15.70	1.62	28	15.70	1.62	28	1.47	0.61	28	7.79	1.11	12
FLADEN	KANX25	10	12.33	1.42	14	22.89	3.37	14	4.59	0.42	19	99.29	1.66	14	nan	nan	0	0.17	0.05	14	0.20	0.15	14	2.95	1.83	14	0.05	0.05	14	0.16	0.08	4	0.19	0.14	14	15.14	2.03	14	15.14	2.03	14	2.43	1.51	14	7.50	0.50	4
FLADEN	KANX25	11	8.96	1.55	11	25.23	4.14	11	4.81	0.32	24	98.86	2.91	15	nan	nan	0	0.31	0.13	15	1.37	1.29	15	4.29	3.28	15	0.21	0.24	15	1.15	0.83	12	0.30	0.38	12	15.05	2.23	15	15.05	2.23	15	2.77	1.30	15	nan	nan	2
FLADEN	KANX25	12	6.02	1.82	15	24.55	3.51	15	5.64	0.37	21	98.83	1.22	15	nan	nan	0	0.44	0.09	15	3.46	1.61	15	6.50	2.14	15	0.22	0.15	15	3.19	1.25	14	0.61	0.38	14	16.87	1.64	15	16.87	1.64	15	2.06	1.92	15	nan	nan	0
N14 FALKENBERG	KANX50	01	2.57	2.24	7	22.16	3.44	7	6.13	0.56	16	101.32	7.12	8	nan	nan	0	0.62	0.10	8	5.93	1.24	8	11.29	3.82	8	0.31	0.13	7	5.17	1.27	7	0.43	0.22	7	21.41	3.62	8	21.41	3.62	8	1.93	2.29	8	nan	nan	2
N14 FALKENBERG	KANX50	02	1.51	1.60	11	18.77	2.74	11	6.20	0.64	21	102.71	4.03	12	nan	nan	0	0.42	0.27	12	4.18	3.44	12	8.24	5.67	12	0.25	0.22	11	5.09	1.71	7	0.21	0.12	11	21.38	3.01	12	21.38	3.01	12	7.12	5.73	11	5.62	2.90	4
N14 FALKENBERG	KANX50	03	3.00	1.81	8	21.25	3.58	8	6.52	0.85	19	104.78	3.41	9	nan	nan	0	0.13	0.12	9	1.08	1.82	9	2.66	2.88	9	0.07	0.08	8	1.50	2.07	5	0.25	0.14	8	17.97	1.72	9	17.97	1.72	9	3.68	2.49	9	7.17	2.39	6
N14 FALKENBERG	KANX50	04	5.96	1.96	8	18.82	1.66	8	6.09	0.62	18	104.28	3.41	9	nan	nan	0	0.08	0.03	9	0.24	0.19	9	2.72	1.87	9	0.02	0.01	8	nan	nan	2	0.19	0.09	8	18.36	3.14	9	18.36	3.14	9	1.94	0.81	9	6.25	1.15	6
N14 FALKENBERG	KANX50	05	11.28	2.03	5	16.77	2.18	5	6.32	0.77	17	107.67	8.56	6	nan	nan	0	0.09	0.03	6	0.16	0.09	6	2.93	1.24	6	0.02	0.00	5	nan	nan	0	0.13	0.09	5	16.98	1.38	6	16.98	1.38	6	1.19	0.74	6	7.62	1.39	4
N14 FALKENBERG	KANX50	06	16.26	2.28	10	17.24	2.53	10	5.79	0.69	23	107.82	6.14	11	nan	nan	0	0.06	0.03	11	0.14	0.06	11	2.45	1.67	11	0.03	0.01	10	nan	nan	1	0.11	0.07	10	15.77	2.16	11	15.77	2.16	11	1.04	0.41	11	7.75	1.85	8
N14 FALKENBERG	KANX50	07	18.86	1.42	10	18.66	2.48	10	5.08	0.66	22	104.68	4.06	11	nan	nan	0	0.05	0.03	11	0.14	0.06	11	0.73	1.00	11	0.03	0.02	10	nan	nan	2	0.16	0.08	10	17.33	5.10	11	17.33	5.10	11	1.03	0.69	11	8.33	1.89	9
N14 FALKENBERG	KANX50	08	18.96	1.27	10	19.01	1.55	10	4.35	0.78	21	103.82	4.35	11	nan	nan	0	0.05	0.02	11	0.13	0.03	11	1.13	0.69	11	0.02	0.00	10	nan	nan	1	0.19	0.09	9	17.30	2.41	11	17.30	2.41	11	1.12	0.52	11	8.50	1.61	5
N14 FALKENBERG	KANX50	09	15.94	0.88	11	20.90	1.84	11	3.77	0.85	22	102.13	4.92	12	nan	nan	0	0.07	0.03	12	0.19	0.17	12	1.52	0.92	12	0.02	0.01	11	nan	nan	1	0.21	0.16	11	16.97	3.43	12	16.97	3.43	12	2.04	1.49	12	7.25	1.94	8
N14 FALKENBERG	KANX50	10	12.05	1.28	9	20.43	2.74	9	4.27	0.98	19	102.55	10.26	10	nan	nan	0	0.17	0.08	10	0.25	0.14	10	3.66	2.36	10	0.03	0.02	9	0.36	0.33	3	0.23	0.17	9	16.62	2.26	10	16.62	2.26	10	2.56	0.94	10	7.30	1.78	5
N14 FALKENBERG	KANX50	11	8.41	1.09	7	21.06	2.73	7	5.08	0.66	20	100.20	3.22	9	nan	nan	0	0.27	0.10	9	0.91	0.72	9	5.01	3.28	9	0.07	0.04	8	0.80	0.48	6	0.32	0.36	6	17.89	5.05	9	17.89	5.05	9	3.68	2.08	9	7.36	1.09	7
N14 FALKENBERG	KANX50	12	5.23	1.70	7	21.39	1.98	7	5.55	0.67	18	100.25	3.82	8	nan	nan	0	0.45	0.08	8	3.12	1.04	8	8.22	3.15	8	0.19	0.04	7	2.78	0.93	7	0.55	0.29	6	21.63	8.91	8	21.63	8.91	8	2.69	1.78	8	nan	nan	2
P2	SKEX23	01	4.12	2.00	16	29.14	4.09	16	6.52	0.53	22	98.84	1.40	16	nan	nan	0	0.61	0.15	16	8.31	3.66	16	8.65	3.67	16	0.67	0.76	16	7.44	2.25	15	0.69	0.68	16	20.11	3.80	16	20.11	3.80	16	1.26	1.49	15	6.88	2.56	4
P2	SKEX23	02	2.24	1.76	16	25.28	3.91	16	6.71	0.31	33	103.21	3.55	18	nan	nan	0	0.41	0.22	18	5.75	4.86	18	6.51	4.85	18	0.19	0.15	18	6.89	4.22	14	0.20	0.18	18	20.21	3.54	18	20.21	3.54	18	5.49	4.91	18	5.82	1.86	11
P2	SKEX23	03	3.71	1.45	14	27.62	3.27	14	6.70	0.34	24	105.68	5.68	14	nan	nan	0	0.22	0.12	14	4.79	3.53	14	2.98	2.24	14	0.18	0.18	14	6.17	2.23	10	0.29	0.23	13	17.64	3.30	14	17.64	3.30	14	3.26	2.54	14	5.40	1.74	5
P2	SKEX23	04	6.44	1.64	15	23.77	4.92	15	6.57	0.30	32	106.28	3.55	16	nan	nan	0	0.09	0.05	16	1.18	1.56	16	0.81	0.72	16	0.07	0.10	16	1.74	1.46	9	0.34	0.30	16	17.74	1.96	16	17.74	1.96	16	2.01	1.74	16	7.38	1.62	12
P2	SKEX23	05	10.58	1.39	13	22.76	5.05	13	6.08	0.43	28	105.32	2.44	13	nan	nan	0	0.07	0.02	13	0.22	0.24	13	1.00	0.73	13	0.03	0.01	13	0.47	0.28	3	0.19	0.14	13	16.33	1.27	13	16.33	1.27	13	1.70	0.80	13	7.27	1.96	11
P2	SKEX23	06	14.75	2.30	15	26.16	4.83	15	5.84	0.28	27	107.62	4.76	16	nan	nan	0	0.06	0.03	16	0.23	0.25	16	1.01	0.76	16	0.04	0.05	16	0.43	0.41	3	0.16	0.11	16	15.16	2.86	16	15.16	2.86	16	1.58	0.78	16	7.73	2.02	11
P2	SKEX23	07	17.88	1.54	17	26.64	4.31	17	5.38	0.37	27	105.94	3.98	18	nan	nan	0	0.06	0.05	18	0.22	0.34	18	0.46	0.43	18	0.03	0.02	18	0.44	0.53	4	0.21	0.12	18	18.54	12.98	18	18.54	12.98	18	1.24	0.89	18	9.15	1.62	17
P2	SKEX23	08	18.29	1.28	19	26.96	4.49	19	5.02	0.39	36	104.27	4.79	19	nan	nan	0	0.08	0.04	19	0.15	0.08	19	1.29	0.89	19	0.02	0.00	19	nan	nan	2	0.21	0.12	19	14.32	3.14	19	14.32	3.14	19	1.81	1.86	19	8.25	1.63	12
P2	SKEX23	09	16.12	1.11	22	29.01	3.33	22	4.95	0.55	36	101.20	2.57	21	nan	nan	0	0.11	0.06	22	0.16	0.12	22	1.71	0.80	22	0.03	0.01	22	0.11	0.01	3	0.24	0.20	22	13.96	2.53	22	13.96	2.53	22	1.56	0.86	21	8.38	1.99	12
P2	SKEX23	10	12.50	1.55	14	27.52	3.34	14	5.09	0.35	18	97.82	2.48	14	nan	nan	0	0.21	0.07	14	0.67	0.56	14	3.00	1.34	14	0.15	0.13	14	0.38	0.34	13	0.39	0.33	14	13.97	1.50	14	13.97	1.50	14	2.21	1.10	14	7.20	1.94	5
P2	SKEX23	11	9.20	1.58	11	28.40	3.86	11	5.54	0.34	27	99.70	2.37	15	nan	nan	0	0.37	0.12	15	1.97	1.02	15	4.08	2.07	15	0.36	0.27	15	1.21	0.55	15	0.73	0.64	13	15.98	2.55	15	15.98	2.55	15	2.30	0.94	15	7.25	1.71	8
P2	SKEX23	12	6.74	2.25	15	28.41	4.42	15	5.87	0.45	25	98.94	1.51	14	nan	nan	0	0.48	0.10	15	4.48	2.11	15	5.96	2.01	15	0.34	0.28	15	3.68	1.60	15	1.02	0.72	14	17.17	3.76	15	17.17	3.76	15	1.49	1.35	15	nan	nan	0
SLÄGGÖ	FIBG27	01	3.12	2.08	24	25.47	2.06	24	5.25	0.55	21	98.58	2.64	24	nan	nan	0	0.52	0.12	24	7.15	3.40	24	10.57	5.44	24	0.19	0.09	24	7.05	3.05	23	0.71	0.40	24	20.78	4.20	24	20.78	4.20	24	1.86	2.82	23	4.40	2.06	5
SLÄGGÖ	FIBG27	02	2.16	1.55	25	24.97	2.67	24	5.43	1.05	20	100.54	3.25	27	nan	nan	0	0.51	0.18	27	8.64	4.76	27	11.55	6.54	27	0.29	0.23	27	8.37	4.35	26	0.56	0.39	27	22.60	4.79	27	22.60	4.79	27	2.75	3.54	27	5.52	1.85	15
SLÄGGÖ	FIBG27	03	2.61	1.81	28	24.74	2.96	28	5.32	0.94	22	104.59	5.85	28	nan	nan	0	0.22	0.19	28	3.94	4.11	28	4.48	4.64	28	0.13	0.10	28	4.28	3.95	24	0.31	0.25	27	18.90	3.60	28	18.90	3.60	28	4.53	4.01	28	6.82	2.22	22
SLÄGGÖ	FIBG27	04	5.58	2.12	29	22.63	3.30	29	5.16	0.91	24	106.83	5.05	29	nan	nan	0	0.09	0.06	29	2.27	3.19	29	3.98	5.58	29	0.08	0.07	29	2.59	3.27	24	0.49	0.50	29	19.83	4.41	29	19.83	4.41	29	2.46	1.43	29	5.93	2.53	25
SLÄGGÖ	FIBG27	05	10.62	2.03	27	22.18	2.62	27	5.22	0.68	22	106.34	4.00	28	nan	nan	0	0.06	0.02	28	0.82	1.15	28	2.84	2.30	28	0.06	0.04	28	1.38	1.47	16	0.33	0.26	27	17.97	1.74	28	17.97	1.74	28	2.31	1.31	28	6.76	2.13	27
SLÄGGÖ	FIBG27	06	15.13	1.90	24	23.78	3.12	24	4.43	0.69	29	110.15	4.64	27	nan	nan	0	0.05	0.02	27	0.25	0.33	27	0.65	0.69	27	0.04	0.03	27	0.75	0.72	6	0.14	0.10	27	15.84	2.25	27	15.84	2.25	27	2.13	0.70	27	6.62	1.50	24
SLÄGGÖ	FIBG27	07	18.22	1.71	33	23.76	1.94	32	4.05	0.46	26	105.98	3.45	33	nan	nan	0	0.05	0.02	33	0.25	0.43	33	0.55	0.50	33	0.04	0.03	33	0.42	0.70	8	0.26	0.29	32	16.10	2.22	33	16.10	2.22	33	1.70	1.13	33	7.48	1.96	31
SLÄGGÖ	FIBG27	08	18.94	1.41	31	23.56	2.40	31	3.37	0.59	23	103.80	4.14	33	nan	nan	0	0.06	0.03	33	0.16	0.08	33	1.05	0.78	33	0.03	0.01	33	0.17	0.08	7	0.23	0.13	33	15.76	2.21	33	15.76	2.21	33	2.00	0.99	33	7.07	2.14	28
SLÄGGÖ	FIBG27	09	16.39	0.94	28	25.00	2.09	28	3.18	0.58	22	100.56	4.54	28	nan	nan	0	0.08	0.03	29	0.24	0.29	29	1.28	1.24	29	0.04	0.05	29	0.35	0.37	8	0.20	0.13	29	15.63	1.87	29	15.63	1.87	29	2.40	1.06	29	7.25	1.98	24
SLÄGGÖ	FIBG27	10	12.84	1.47	28	25.19	2.75	28	3.58	0.83	26	97.63	4.44	29	nan	nan	0	0.13	0.08	29	0.70	1.06	29	2.46	2.24	29	0.07	0.07	29	0.83	1.10	18	0.57	0.90	28	16.27	2.46	29	16.27	2.46	29	2.72	1.43	29	7.44	2.94	17
SLÄGGÖ	FIBG27	11	9.38	1.44	26	26.06	2.68	25	4.07	0.89	22	96.39	3.65	28	nan	nan	0	0.31	0.11	28	2.86	1.79	29	6.92	5.25	29	0.29	0.21	29	2.27	1.50	29	0.77	0.61	26	17.27	3.84	29	17.27	3.84	29	2.56	2.04	29	6.79	2.91	11
SLÄGGÖ	FIBG27	12	6.18	1.99	27	25.87	3.13	27	4.55	0.95	24	97.27	1.95	27	nan	nan	0	0.44	0.10	28	5.25	2.43	28	9.42	6.23	28	0.32	0.19	28	4.56	2.36	28	1.10	0.46	27	19.51	4.47	28	19.51	4.47	28	1.49	1.05	28	5.50	2.58	11
Å13	SKEX14	01	3.74	2.02	14	29.01	3.35	14	6.44	0.61	12	98.71	1.11	14	nan	nan	0	0.57	0.14	14	7.90	3.39	14	8.36	3.19	14	0.51	0.64	14	7.41	2.17	13	0.47	0.40	14	18.17	2.40	14	18.17	2.40	14	1.73	3.19	14	nan	nan	0
Å13	SKEX14	02	2.77	1.77	17	27.16	4.30	17	6.53	0.29	14	102.56	3.99	17	nan	nan	0	0.45	0.22	17	7.51	4.92	17	7.55	4.74	17	0.36	0.46	17	7.45	4.12	16	0.28	0.23	17	20.46	3.73	17	20.46	3.73	17	3.16	3.21	16	nan	nan	0
Å13	SKEX14	03	3.47	1.69	14	27.50	3.08	14	6.63	0.18	12	105.32	4.21	14	nan	nan	0	0.16	0.11	14	3.48	3.66	14	2.80	2.33	14	0.14	0.14	14	4.05	3.45	11	0.28	0.16	13	17.05	2.91	14	17.05	2.91	14	3.23	2.36	14	7.00	1.41	6
Å13	SKEX14	04	6.29	1.56	16	25.17	4.53	16	6.61	0.48	17	106.88	4.30	16	nan	nan	0	0.06	0.03	16	1.15	1.52	16	0.59	0.47	16	0.07	0.11	16	1.96	1.56	8	0.37	0.35	16	15.85	2.09	16	15.85	2.09	16	1.67	0.94	16	8.21	0.99	7
Å13	SKEX14	05	10.58	1.52	13	24.21	4.17	13	6.26	0.34	17	106.24	2.36	13	nan	nan	0	0.04	0.01	13	0.37	0.31	13	0.93	0.72	13	0.03	0.01	13	0.73	0.52	6	0.19	0.14	13	18.15	11.72	13	18.15	11.72	13	1.53	0.54	13	7.22	1.40	9
Å13	SKEX14	06	14.85	2.02	15	26.18	4.87	15	5.99	0.23	12	108.66	4.48	15	nan	nan	0	0.04	0.01	15	0.21	0.27	15	0.61	0.43	15	0.03	0.01	15	nan	nan	2	0.15	0.09	15	14.29	3.56	15	14.29	3.56	15	1.62	0.97	15	7.55	1.56	11
Å13	SKEX14	07	17.76	1.40	18	27.02	3.70	17	5.60	0.27	15	106.22	3.60	18	nan	nan	0	0.04	0.02	18	0.18	0.16	18	0.53	0.46	18	0.03	0.02	18	0.26	0.22	4	0.21	0.11	18	14.16	2.29	18	14.16	2.29	18	1.55	1.25	18	8.32	1.74	11
Å13	SKEX14	08	18.05	1.09	18	28.28	3.68	18	5.10	0.28	18	105.27	3.84	19	nan	nan	0	0.06	0.04	19	0.18	0.18	19	1.06	0.85	19	0.02	0.01	19	nan	nan	2	0.16	0.08	19	13.02	2.46	19	13.02	2.46	19	1.26	0.71	19	8.33	2.81	12
Å13	SKEX14	09	15.60	0.88	15	28.09	3.17	15	4.95	0.31	13	102.03	2.32	14	nan	nan	0	0.09	0.05	14	0.21	0.26	14	1.81	1.26	14	0.03	0.01	14	nan	nan	2	0.17	0.10	14	13.64	2.01	14	13.64	2.01	14	1.44	0.61	14	7.25	0.43	4
Å13	SKEX14	10	12.47	1.52	14	27.47	3.82	14	5.25	0.27	12	98.69	1.72	14	nan	nan	0	0.18	0.06	14	0.43	0.33	14	2.38	1.24	14	0.10	0.08	14	0.25	0.21	12	0.40	0.26	14	13.79	2.35	14	13.79	2.35	14	2.19	1.00	14	nan	nan	1
Å13	SKEX14	11	9.18	1.57	11	28.92	3.36	11	5.54	0.42	14	98.79	1.36	13	nan	nan	0	0.31	0.10	12	1.96	0.97	13	4.04	2.57	13	0.33	0.23	13	1.30	0.62	13	0.51	0.46	10	14.29	1.94	13	14.29	1.94	13	2.04	0.81	13	nan	nan	0
Å13	SKEX14	12	6.48	2.23	15	28.25	3.35	15	5.93	0.42	11	98.97	1.49	15	nan	nan	0	0.44	0.12	15	4.29	1.40	15	5.63	1.55	15	0.38	0.34	15	3.45	1.16	15	0.77	0.47	14	16.59	1.39	15	16.59	1.39	15	1.38	0.89	15	nan	nan	2
Å15	SKEX16	01	4.53	2.35	13	31.51	3.01	13	6.30	0.49	18	98.70	1.93	13	nan	nan	0	0.52	0.09	13	6.09	1.48	13	5.20	2.29	13	0.37	0.43	13	5.35	1.38	13	0.30	0.29	13	14.91	2.75	13	14.91	2.75	13	1.54	2.39	9	nan	nan	0
Å15	SKEX16	02	3.12	1.88	15	28.46	4.44	15	6.55	0.21	19	102.80	3.44	15	nan	nan	0	0.43	0.18	15	5.79	2.94	15	5.64	3.85	15	0.17	0.12	15	6.65	1.62	13	0.17	0.14	15	17.08	1.68	15	17.08	1.68	15	3.61	4.00	11	nan	nan	0
Å15	SKEX16	03	3.74	1.55	14	28.30	2.53	14	6.58	0.22	16	104.82	3.74	14	nan	nan	0	0.15	0.09	14	2.74	2.77	14	2.20	2.01	14	0.11	0.09	14	3.50	2.57	10	0.31	0.28	13	15.46	3.99	14	15.46	3.99	14	2.41	2.14	11	8.00	0.71	4
Å15	SKEX16	04	6.37	1.60	16	27.85	4.69	16	6.36	0.51	24	106.78	4.19	16	nan	nan	0	0.08	0.08	16	1.86	2.48	16	0.95	1.16	16	0.11	0.15	16	2.94	2.36	9	0.41	0.38	16	15.35	2.09	16	15.35	2.09	16	1.20	1.24	12	nan	nan	0
Å15	SKEX16	05	10.20	1.52	13	28.11	3.34	13	6.19	0.33	20	106.92	2.70	13	nan	nan	0	0.04	0.02	13	0.21	0.16	13	0.72	0.47	13	0.03	0.01	13	0.53	0.11	3	0.18	0.14	13	12.88	2.09	13	12.88	2.09	13	0.85	0.33	9	8.29	2.31	7
Å15	SKEX16	06	14.52	2.01	15	28.23	4.16	15	6.10	0.20	20	109.07	4.80	15	nan	nan	0	0.04	0.01	15	0.16	0.07	15	0.54	0.57	15	0.03	0.01	14	0.19	0.15	5	0.12	0.06	15	12.52	3.21	15	12.52	3.21	15	1.12	0.63	11	7.57	1.66	7
Å15	SKEX16	07	16.98	1.21	18	30.07	1.05	18	5.70	0.22	20	106.28	2.82	18	nan	nan	0	0.03	0.01	18	0.14	0.05	18	0.27	0.18	18	0.03	0.02	18	0.10	0.00	4	0.19	0.11	18	11.40	1.54	18	11.40	1.54	18	0.99	1.19	13	8.83	1.00	9
Å15	SKEX16	08	18.07	1.37	19	29.11	3.73	19	5.49	0.23	26	104.39	3.24	18	nan	nan	0	0.05	0.03	19	0.14	0.05	19	0.64	0.78	19	0.02	0.01	19	nan	nan	1	0.18	0.10	19	11.74	1.89	19	11.74	1.89	19	0.99	0.45	15	9.86	2.42	7
Å15	SKEX16	09	15.46	0.92	14	31.89	0.95	14	5.23	0.30	17	102.32	1.61	14	nan	nan	0	0.07	0.06	14	0.14	0.05	14	1.07	0.28	14	0.02	0.00	14	nan	nan	1	0.17	0.11	14	10.66	1.60	14	10.66	1.60	14	1.28	0.49	12	7.67	1.70	3
Å15	SKEX16	10	12.49	1.60	14	29.96	3.42	14	5.17	0.41	15	99.00	3.04	13	nan	nan	0	0.14	0.05	13	0.38	0.26	13	1.89	1.17	13	0.09	0.06	13	0.23	0.20	10	0.38	0.22	13	12.86	2.58	13	12.86	2.58	13	1.71	0.58	11	nan	nan	2
Å15	SKEX16	11	9.18	1.19	10	30.33	3.19	10	5.32	0.26	21	99.19	1.10	13	nan	nan	0	0.25	0.12	12	1.79	0.75	13	3.01	2.52	13	0.38	0.22	13	1.03	0.48	13	0.52	0.46	10	12.56	2.64	13	12.56	2.64	13	1.42	0.57	10	nan	nan	0
Å15	SKEX16	12	6.97	2.26	15	29.88	3.75	15	5.79	0.39	18	99.30	1.51	15	nan	nan	0	0.43	0.09	15	3.76	0.70	15	4.73	1.66	15	0.27	0.19	15	3.20	0.80	15	0.58	0.37	14	14.63	2.75	15	14.63	2.75	15	1.31	0.80	12	nan	nan	1
Å17	SKEX18	01	4.79	2.28	13	32.07	2.19	13	5.93	0.53	15	98.56	1.29	13	nan	nan	0	0.50	0.08	13	5.79	1.08	13	4.67	1.54	13	0.19	0.34	13	5.39	1.09	12	0.21	0.16	12	13.95	1.68	13	13.95	1.68	13	1.16	1.84	13	nan	nan	0
Å17	SKEX18	02	3.29	1.84	16	29.45	4.14	16	6.40	0.32	15	101.77	2.99	16	nan	nan	0	0.43	0.17	16	5.89	3.16	16	5.23	2.85	16	0.14	0.12	16	7.14	1.40	13	0.16	0.15	16	16.43	2.18	16	16.43	2.18	16	3.11	4.15	16	nan	nan	0
Å17	SKEX18	03	4.04	1.48	13	30.08	2.49	13	6.29	0.31	15	105.75	5.26	14	nan	nan	0	0.18	0.13	14	2.42	2.70	14	1.47	1.67	14	0.12	0.14	14	3.34	2.44	9	0.28	0.20	12	14.14	3.16	14	14.14	3.16	14	3.87	5.61	14	7.75	1.09	4
Å17	SKEX18	04	6.00	1.62	15	28.21	4.40	15	6.46	0.33	13	106.19	2.50	15	nan	nan	0	0.08	0.05	15	0.66	0.89	15	0.65	0.58	15	0.04	0.03	15	0.97	0.97	8	0.23	0.16	15	13.82	3.21	15	13.82	3.21	15	1.31	0.81	15	nan	nan	0
Å17	SKEX18	05	10.09	1.68	13	28.71	2.85	13	6.22	0.44	19	107.47	2.94	13	nan	nan	0	0.04	0.02	13	0.22	0.21	13	0.74	0.52	13	0.02	0.01	13	nan	nan	2	0.15	0.13	13	12.45	2.07	13	12.45	2.07	13	1.16	0.41	13	nan	nan	1
Å17	SKEX18	06	14.58	1.96	15	29.34	2.63	15	6.16	0.14	19	108.54	6.20	15	nan	nan	0	0.03	0.01	15	0.15	0.07	15	0.46	0.31	15	0.02	0.01	15	0.14	0.02	3	0.14	0.07	15	11.16	1.84	15	11.16	1.84	15	1.14	1.15	15	7.17	0.62	3
Å17	SKEX18	07	17.09	1.30	18	30.03	1.37	18	6.00	0.13	18	105.71	2.90	18	nan	nan	0	0.03	0.01	18	0.14	0.05	18	0.25	0.15	18	0.03	0.03	18	nan	nan	2	0.16	0.09	18	11.13	1.51	18	11.13	1.51	18	0.56	0.23	18	nan	nan	2
Å17	SKEX18	08	17.63	1.80	17	30.15	2.07	17	5.88	0.18	22	104.37	3.08	16	nan	nan	0	0.04	0.02	17	0.14	0.05	17	0.50	0.34	17	0.02	0.01	17	nan	nan	2	0.16	0.09	17	11.04	1.64	17	11.04	1.64	17	0.73	0.40	17	nan	nan	2
Å17	SKEX18	09	15.52	1.12	15	31.85	1.38	15	5.78	0.20	17	101.88	1.98	15	nan	nan	0	0.06	0.05	15	0.14	0.05	15	1.09	0.50	15	0.02	0.00	15	nan	nan	1	0.17	0.14	15	10.85	1.35	15	10.85	1.35	15	0.97	0.46	15	nan	nan	1
Å17	SKEX18	10	12.97	1.21	12	30.86	2.22	12	5.67	0.23	12	98.29	1.79	12	nan	nan	0	0.17	0.07	12	0.55	0.31	12	2.54	1.19	12	0.17	0.10	12	0.24	0.17	10	0.41	0.36	12	11.46	1.33	12	11.46	1.33	12	1.65	0.50	12	nan	nan	1
Å17	SKEX18	11	9.77	0.84	11	31.64	2.41	11	5.64	0.18	16	98.54	1.44	14	nan	nan	0	0.21	0.11	13	1.94	0.86	14	2.43	1.78	14	0.42	0.21	14	1.09	0.56	14	0.28	0.22	11	11.55	2.61	14	11.55	2.61	14	1.29	0.39	14	nan	nan	0
Å17	SKEX18	12	7.46	1.87	15	31.22	3.28	15	5.63	0.21	18	98.85	1.56	15	nan	nan	0	0.43	0.07	15	3.89	0.51	15	4.28	1.62	15	0.25	0.18	15	3.42	0.55	15	0.40	0.44	14	13.20	2.17	14	13.20	2.17	14	0.84	0.40	15	nan	nan	0
L9 LAHOLMSBUKTEN	KAEL60	01	4.27	0.79	4	20.13	1.61	4	5.97	0.97	18	101.05	6.51	10	nan	nan	0	0.59	0.06	11	6.58	1.86	11	11.47	3.11	11	0.44	0.17	10	5.71	2.01	10	nan	nan	2	24.18	7.21	11	24.18	7.21	11	1.69	0.87	11	6.00	2.19	9
L9 LAHOLMSBUKTEN	KAEL60	02	0.30	0.47	3	16.22	2.38	3	6.52	1.19	20	101.17	5.26	12	nan	nan	0	0.62	0.08	13	7.38	2.84	13	12.28	3.98	13	0.44	0.16	12	6.52	2.85	12	nan	nan	2	22.50	3.52	13	22.50	3.52	13	2.18	3.92	13	6.32	2.19	12
L9 LAHOLMSBUKTEN	KAEL60	03	2.27	1.83	6	16.49	3.46	6	5.75	1.32	25	104.57	4.45	15	nan	nan	0	0.21	0.19	16	2.40	3.08	16	4.77	5.07	16	0.11	0.13	15	2.86	2.97	10	nan	nan	1	19.53	2.72	16	19.53	2.72	16	4.42	4.82	16	6.77	2.15	16
L9 LAHOLMSBUKTEN	KAEL60	04	4.37	1.12	5	17.57	1.00	5	5.31	1.70	21	107.04	5.85	12	nan	nan	0	0.09	0.06	12	0.29	0.33	12	4.16	3.06	12	0.03	0.01	11	0.27	0.26	4	0.17	0.05	3	19.31	3.15	12	19.31	3.15	12	2.29	1.25	12	6.43	1.32	10
L9 LAHOLMSBUKTEN	KAEL60	05	10.75	1.51	8	14.39	2.55	8	4.55	1.18	28	104.35	8.25	17	nan	nan	0	0.09	0.07	18	0.24	0.31	18	4.27	2.30	18	0.03	0.01	17	0.88	0.90	4	nan	nan	1	17.74	1.69	18	17.74	1.69	18	1.78	0.92	18	6.48	2.05	18
L9 LAHOLMSBUKTEN	KAEL60	06	15.51	1.45	4	16.54	1.25	4	4.65	1.53	24	105.75	3.51	12	nan	nan	0	0.08	0.05	12	0.13	0.04	12	2.74	1.97	12	0.02	0.01	11	nan	nan	1	nan	nan	0	17.11	1.39	12	17.11	1.39	12	1.68	0.95	12	6.38	1.66	12
L9 LAHOLMSBUKTEN	KAEL60	07	18.17	1.32	6	15.52	2.04	6	4.11	1.67	25	106.30	4.94	15	nan	nan	0	0.07	0.04	15	0.12	0.02	15	1.61	1.25	15	0.03	0.01	14	nan	nan	2	nan	nan	0	17.55	1.76	15	17.55	1.76	15	1.41	0.80	15	6.97	1.65	15
L9 LAHOLMSBUKTEN	KAEL60	08	19.34	1.40	7	16.59	1.31	7	3.47	1.50	27	102.31	9.53	16	nan	nan	0	0.08	0.05	16	0.14	0.04	16	1.89	1.17	16	0.03	0.02	15	nan	nan	2	nan	nan	2	17.70	3.21	16	17.70	3.21	16	1.55	1.19	16	7.55	2.87	15
L9 LAHOLMSBUKTEN	KAEL60	09	16.69	1.32	6	17.28	1.02	6	2.78	1.34	24	103.50	9.89	12	nan	nan	0	0.07	0.02	14	0.18	0.15	14	2.32	1.46	14	0.04	0.02	13	nan	nan	2	nan	nan	0	18.35	2.70	14	18.35	2.70	14	2.18	1.34	14	7.44	2.85	14
L9 LAHOLMSBUKTEN	KAEL60	10	13.59	1.01	6	16.88	1.38	6	3.29	1.56	23	101.08	3.32	13	nan	nan	0	0.13	0.09	15	0.34	0.30	15	4.00	2.87	15	0.04	0.02	14	0.36	0.27	8	nan	nan	0	16.24	3.92	15	16.24	3.92	15	2.75	1.43	15	6.51	2.21	14
L9 LAHOLMSBUKTEN	KAEL60	11	9.16	1.36	9	19.30	3.27	9	4.20	1.83	24	98.86	5.38	15	nan	nan	0	0.20	0.09	16	0.79	0.78	16	4.68	2.55	16	0.05	0.04	15	0.68	0.60	13	nan	nan	1	18.01	3.14	16	18.01	3.14	16	3.36	1.11	16	6.56	1.86	16
L9 LAHOLMSBUKTEN	KAEL60	12	5.52	1.57	6	19.47	1.22	6	5.32	1.77	25	99.07	3.64	14	nan	nan	0	0.37	0.10	14	2.64	1.31	14	7.71	2.67	14	0.18	0.12	13	2.26	1.14	13	nan	nan	1	19.85	1.50	14	19.85	1.50	14	3.31	2.09	14	7.04	1.35	12
N13 VÄRÖ	KANX49	01	3.09	2.31	13	21.30	3.17	13	6.23	0.87	24	100.50	5.76	15	nan	nan	0	0.54	0.14	15	5.66	2.35	15	10.16	4.05	15	0.32	0.18	14	4.89	2.14	14	nan	nan	0	21.47	5.51	15	21.47	5.51	15	2.35	2.49	15	5.53	2.45	15
N13 VÄRÖ	KANX49	02	1.95	1.66	12	21.72	3.16	11	6.63	0.69	22	99.54	2.98	13	nan	nan	0	0.56	0.16	13	6.70	2.47	13	10.28	3.34	13	0.32	0.16	12	5.82	2.27	12	nan	nan	1	21.50	2.41	12	21.50	2.41	12	2.57	3.07	13	5.79	1.81	12
N13 VÄRÖ	KANX49	03	2.80	1.53	16	20.74	4.00	16	6.48	0.98	29	105.04	6.90	19	nan	nan	0	0.22	0.21	19	2.70	2.94	19	4.57	4.45	19	0.12	0.13	18	3.95	2.63	11	nan	nan	1	19.28	2.52	19	19.28	2.52	19	4.84	3.79	19	6.57	2.44	19
N13 VÄRÖ	KANX49	04	4.15	1.45	9	18.03	3.24	9	6.31	0.79	19	107.35	5.81	10	nan	nan	0	0.12	0.07	10	0.28	0.27	10	3.56	3.09	10	0.04	0.02	9	0.21	0.13	4	nan	nan	0	20.31	5.97	10	20.31	5.97	10	2.89	2.13	10	6.65	2.69	10
N13 VÄRÖ	KANX49	05	10.06	1.94	16	17.51	2.56	16	6.01	0.58	30	106.76	5.76	19	nan	nan	0	0.08	0.04	19	0.16	0.05	19	2.45	2.00	19	0.03	0.02	18	0.16	0.05	4	nan	nan	0	17.07	1.39	19	17.07	1.39	19	1.75	1.07	19	6.94	1.26	19
N13 VÄRÖ	KANX49	06	15.63	1.42	12	17.94	2.44	11	6.02	0.58	27	108.41	6.83	15	nan	nan	0	0.07	0.04	15	0.14	0.06	15	1.96	1.62	15	0.03	0.01	14	0.18	0.11	3	nan	nan	0	17.54	2.78	15	17.54	2.78	15	1.19	0.50	15	7.71	1.86	15
N13 VÄRÖ	KANX49	07	18.58	1.82	12	18.03	2.40	12	5.34	0.59	23	106.24	3.57	13	nan	nan	0	0.05	0.04	13	0.12	0.02	13	0.81	1.04	13	0.02	0.01	12	nan	nan	1	nan	nan	0	16.88	1.89	13	16.88	1.89	13	1.10	0.73	13	8.50	1.58	12
N13 VÄRÖ	KANX49	08	19.11	1.59	13	18.96	1.55	13	4.72	0.64	25	106.22	4.96	15	nan	nan	0	0.06	0.02	15	0.16	0.13	15	1.09	0.74	15	0.02	0.01	14	nan	nan	2	nan	nan	0	17.00	1.74	15	17.00	1.74	15	1.25	0.75	15	8.57	2.10	15
N13 VÄRÖ	KANX49	09	16.73	0.95	12	21.03	2.47	12	4.11	0.57	27	102.53	5.97	15	nan	nan	0	0.08	0.03	15	0.16	0.15	15	1.40	1.01	15	0.02	0.01	14	nan	nan	0	nan	nan	0	16.73	3.59	15	16.73	3.59	15	1.67	0.91	15	8.60	1.90	15
N13 VÄRÖ	KANX49	10	13.27	1.67	14	20.90	1.77	14	4.73	1.07	25	103.80	10.34	15	nan	nan	0	0.12	0.05	15	0.36	0.50	15	3.45	3.14	15	0.04	0.03	14	0.56	0.62	6	nan	nan	0	17.94	3.04	15	17.94	3.04	15	3.18	1.66	15	6.50	1.54	15
N13 VÄRÖ	KANX49	11	9.49	1.62	12	21.66	4.87	11	5.05	0.77	24	97.46	5.57	13	nan	nan	0	0.29	0.24	13	1.41	1.55	13	3.95	3.26	13	0.08	0.06	12	1.20	1.27	10	nan	nan	0	18.63	6.90	13	18.63	6.90	13	2.67	1.17	13	6.54	2.31	13
N13 VÄRÖ	KANX49	12	6.57	1.59	11	23.32	2.23	11	5.62	0.61	24	99.43	3.07	15	nan	nan	0	0.35	0.09	15	2.67	1.63	15	5.76	2.78	15	0.16	0.10	14	2.33	1.52	14	nan	nan	0	17.95	2.49	15	17.95	2.49	15	3.53	2.04	15	6.65	2.43	13
N5 KUNGSBACKAFJORDEN	KANI50	01	3.48	1.67	11	19.15	2.18	11	7.23	1.03	20	99.46	3.77	12	nan	nan	0	0.54	0.09	12	8.89	3.82	12	18.40	9.25	12	0.30	0.12	11	7.92	3.77	11	nan	nan	0	26.98	5.67	12	26.98	5.67	12	1.97	2.29	12	2.71	2.00	12
N5 KUNGSBACKAFJORDEN	KANI50	02	2.44	1.84	9	22.41	3.02	8	7.31	0.97	18	97.40	4.08	10	nan	nan	0	0.55	0.16	10	9.06	3.96	10	13.31	4.90	10	0.35	0.20	9	8.26	4.07	9	nan	nan	1	25.29	5.55	10	25.29	5.55	10	1.77	2.60	10	3.54	2.30	10
N5 KUNGSBACKAFJORDEN	KANI50	03	3.22	1.67	14	19.65	5.16	14	7.87	1.21	24	104.23	9.35	13	nan	nan	0	0.24	0.22	14	5.60	5.15	14	10.39	10.87	14	0.17	0.17	14	7.83	4.28	10	nan	nan	1	22.42	5.59	14	22.42	5.59	14	4.31	5.27	14	3.81	2.56	14
N5 KUNGSBACKAFJORDEN	KANI50	04	4.81	1.70	9	18.54	2.96	9	7.08	1.39	19	106.30	6.15	10	nan	nan	0	0.12	0.05	10	2.14	1.83	10	6.10	4.19	10	0.07	0.04	9	2.18	1.78	8	nan	nan	0	23.44	5.67	10	23.44	5.67	10	1.92	1.01	10	4.95	2.67	10
N5 KUNGSBACKAFJORDEN	KANI50	05	10.61	2.22	17	17.79	2.75	17	6.33	0.97	29	109.18	6.43	19	nan	nan	0	0.06	0.02	19	0.39	0.65	19	3.08	2.24	19	0.04	0.03	17	0.95	1.02	5	nan	nan	0	18.96	3.08	19	18.96	3.08	19	3.36	2.76	19	4.42	1.52	19
N5 KUNGSBACKAFJORDEN	KANI50	06	16.03	1.64	13	18.38	1.74	12	5.82	0.84	25	109.23	5.32	13	nan	nan	0	0.07	0.03	15	0.34	0.51	15	1.83	1.78	15	0.04	0.02	14	1.26	0.67	3	nan	nan	0	18.36	2.42	15	18.36	2.42	15	1.88	1.02	15	5.23	2.07	15
N5 KUNGSBACKAFJORDEN	KANI50	07	19.36	2.02	12	19.01	1.76	12	5.00	1.00	24	108.65	5.25	13	nan	nan	0	0.06	0.02	13	0.18	0.16	13	1.58	1.40	13	0.04	0.02	12	0.43	0.45	3	nan	nan	0	17.61	1.63	13	17.61	1.63	13	1.77	0.60	13	5.75	1.69	12
N5 KUNGSBACKAFJORDEN	KANI50	08	19.35	1.64	13	19.18	1.96	13	4.57	0.85	25	104.47	6.87	15	nan	nan	0	0.07	0.03	15	0.29	0.37	15	2.95	1.49	15	0.04	0.03	14	0.43	0.51	4	nan	nan	0	18.46	3.28	15	18.46	3.28	15	2.02	0.60	15	5.80	2.17	15
N5 KUNGSBACKAFJORDEN	KANI50	09	16.69	1.32	12	21.27	3.48	12	4.37	1.17	26	101.75	7.21	14	nan	nan	0	0.11	0.10	15	0.30	0.39	15	4.22	6.01	15	0.04	0.02	14	0.39	0.46	6	nan	nan	0	17.36	3.33	15	17.36	3.33	15	2.87	1.88	15	5.23	1.85	15
N5 KUNGSBACKAFJORDEN	KANI50	10	13.04	1.82	14	19.39	3.55	14	5.03	1.31	26	101.10	6.95	15	nan	nan	0	0.11	0.04	15	1.43	2.45	15	8.20	11.30	15	0.07	0.07	14	1.89	2.82	9	nan	nan	0	20.94	6.99	15	20.94	6.99	15	2.94	1.14	15	3.39	1.58	15
N5 KUNGSBACKAFJORDEN	KANI50	11	9.09	1.89	12	22.17	4.35	11	5.83	1.05	24	95.65	6.53	13	nan	nan	0	0.29	0.18	13	2.62	2.11	13	7.37	5.56	13	0.14	0.08	12	2.02	1.72	12	nan	nan	0	19.69	5.67	13	19.69	5.67	13	3.03	1.53	13	3.35	1.75	13
N5 KUNGSBACKAFJORDEN	KANI50	12	5.93	1.51	11	21.15	2.34	11	6.52	0.89	25	97.20	4.42	15	nan	nan	0	0.36	0.09	15	5.08	2.82	15	11.31	7.82	15	0.22	0.12	14	4.72	2.88	14	nan	nan	0	21.79	4.11	15	21.79	4.11	15	2.99	2.05	15	3.14	1.75	13
N6 KUNGSBACKAFJORDEN	KANI51	01	3.35	2.01	12	20.51	2.10	12	6.04	1.00	21	99.92	5.49	13	nan	nan	0	0.56	0.11	13	7.84	2.84	13	14.90	5.34	13	0.33	0.13	12	6.85	2.65	12	nan	nan	0	24.66	6.31	13	24.66	6.31	13	1.95	1.88	13	4.27	2.69	13
N6 KUNGSBACKAFJORDEN	KANI51	02	2.08	1.72	11	21.49	2.93	10	6.34	0.53	22	99.38	3.62	12	nan	nan	0	0.51	0.17	12	8.89	5.45	12	13.82	7.26	12	0.34	0.19	11	8.04	5.58	11	nan	nan	1	25.26	7.46	12	25.26	7.46	12	2.68	3.09	12	4.17	2.22	12
N6 KUNGSBACKAFJORDEN	KANI51	03	2.98	1.58	17	20.84	4.29	17	6.15	0.86	29	104.37	6.74	19	nan	nan	0	0.25	0.22	19	3.53	3.62	19	5.81	5.32	19	0.14	0.15	18	4.87	3.23	12	nan	nan	1	20.13	3.34	19	20.13	3.34	19	5.10	4.75	19	5.39	2.09	19
N6 KUNGSBACKAFJORDEN	KANI51	04	4.72	1.49	9	18.35	3.63	9	6.03	0.59	18	106.55	5.01	10	nan	nan	0	0.12	0.06	10	1.46	2.11	10	5.00	4.49	10	0.07	0.04	9	1.59	2.22	8	nan	nan	0	22.98	6.72	10	22.98	6.72	10	2.38	1.42	10	5.65	2.96	10
N6 KUNGSBACKAFJORDEN	KANI51	05	10.60	1.97	17	17.70	2.57	17	5.56	0.58	29	108.53	5.88	19	nan	nan	0	0.07	0.02	19	0.47	1.12	19	2.91	1.97	19	0.05	0.04	18	1.14	1.73	6	nan	nan	0	18.23	2.89	19	18.23	2.89	19	2.53	1.94	19	5.25	1.32	19
N6 KUNGSBACKAFJORDEN	KANI51	06	15.88	1.44	13	18.64	1.57	12	5.33	0.80	27	109.90	5.72	15	nan	nan	0	0.06	0.03	15	0.13	0.04	15	1.05	0.67	15	0.03	0.01	14	nan	nan	2	nan	nan	0	16.29	4.01	15	16.29	4.01	15	1.60	0.77	15	6.50	1.70	15
N6 KUNGSBACKAFJORDEN	KANI51	07	18.87	1.79	12	19.24	1.67	12	4.63	0.69	22	107.65	3.79	13	nan	nan	0	0.05	0.02	13	0.16	0.14	13	1.08	1.16	13	0.03	0.01	12	nan	nan	2	nan	nan	0	17.29	2.93	13	17.29	2.93	13	1.33	0.80	13	7.38	1.79	12
N6 KUNGSBACKAFJORDEN	KANI51	08	19.33	1.45	13	18.96	1.66	13	3.94	0.78	24	106.70	5.49	15	nan	nan	0	0.06	0.02	15	0.25	0.17	15	1.79	1.04	15	0.07	0.10	14	0.37	0.19	5	nan	nan	0	17.10	1.91	15	17.10	1.91	15	1.77	0.68	15	6.60	2.46	15
N6 KUNGSBACKAFJORDEN	KANI51	09	16.75	1.14	12	20.91	2.66	12	3.52	0.73	27	99.03	16.02	15	nan	nan	0	0.09	0.05	15	0.25	0.24	15	2.92	3.39	15	0.04	0.02	14	0.43	0.57	5	nan	nan	0	17.29	2.92	15	17.29	2.92	15	2.32	1.45	15	6.71	2.56	15
N6 KUNGSBACKAFJORDEN	KANI51	10	13.19	1.77	14	20.58	1.85	14	4.02	1.01	25	102.63	7.34	15	nan	nan	0	0.11	0.07	15	0.62	0.78	15	5.18	4.83	15	0.06	0.04	14	1.05	0.84	7	nan	nan	0	19.73	6.51	15	19.73	6.51	15	3.16	1.03	15	4.21	1.89	14
N6 KUNGSBACKAFJORDEN	KANI51	11	9.29	1.88	12	21.60	5.35	11	4.70	0.77	22	96.83	6.70	13	nan	nan	0	0.27	0.15	13	2.21	1.97	13	6.54	5.83	13	0.11	0.07	12	1.87	1.68	11	nan	nan	0	18.05	3.70	13	18.05	3.70	13	3.29	1.43	13	5.19	2.02	13
N6 KUNGSBACKAFJORDEN	KANI51	12	6.17	1.49	11	22.71	2.14	11	5.23	0.98	24	98.20	3.80	15	nan	nan	0	0.35	0.10	15	4.07	2.37	15	8.62	5.15	15	0.20	0.14	14	3.75	2.32	14	nan	nan	0	19.81	2.58	15	19.81	2.58	15	3.29	1.98	15	4.50	1.94	13
N7 OST NIDINGEN	KANI52	01	3.14	2.22	14	21.98	2.83	14	6.19	0.93	23	99.80	4.77	15	nan	nan	0	0.53	0.13	15	5.87	2.29	15	9.95	3.61	15	0.29	0.14	14	5.07	2.02	14	nan	nan	0	21.38	3.60	15	21.38	3.60	15	2.31	2.59	15	5.46	2.42	14
N7 OST NIDINGEN	KANI52	02	1.81	1.71	13	22.11	3.29	12	6.62	0.57	23	99.32	2.60	14	nan	nan	0	0.56	0.18	14	6.55	2.82	14	10.47	4.43	14	0.34	0.19	13	5.61	2.59	13	nan	nan	1	21.38	2.85	14	21.38	2.85	14	2.97	3.93	14	6.71	2.03	14
N7 OST NIDINGEN	KANI52	03	2.81	1.54	17	21.55	3.76	17	6.60	0.97	30	105.92	7.87	18	nan	nan	0	0.22	0.20	19	2.46	3.01	19	3.86	4.06	19	0.10	0.11	18	4.01	2.85	10	nan	nan	1	19.84	2.84	19	19.84	2.84	19	5.67	5.04	19	6.23	2.51	19
N7 OST NIDINGEN	KANI52	04	4.36	1.70	9	18.98	3.20	9	6.37	0.75	19	106.10	5.96	10	nan	nan	0	0.10	0.06	10	0.44	0.55	10	3.08	2.31	10	0.04	0.02	9	0.82	0.70	3	nan	nan	0	19.34	6.27	10	19.34	6.27	10	2.51	1.54	10	6.70	1.96	10
N7 OST NIDINGEN	KANI52	05	10.20	1.84	17	17.96	2.61	17	6.07	0.59	28	106.74	5.36	19	nan	nan	0	0.07	0.03	19	0.21	0.23	19	2.31	1.66	19	0.03	0.02	18	0.29	0.34	5	nan	nan	0	17.72	2.40	19	17.72	2.40	19	1.95	1.12	19	6.82	1.37	19
N7 OST NIDINGEN	KANI52	06	15.62	1.34	13	18.76	1.48	13	5.96	0.70	27	108.50	6.67	15	nan	nan	0	0.06	0.02	14	0.13	0.03	15	1.13	0.61	15	0.03	0.02	14	0.14	0.05	3	nan	nan	0	16.75	2.09	15	16.75	2.09	15	1.36	0.69	15	7.89	2.33	15
N7 OST NIDINGEN	KANI52	07	18.40	1.66	12	19.35	1.91	12	5.32	0.47	24	107.35	4.39	13	nan	nan	0	0.05	0.03	13	0.14	0.04	13	0.79	0.95	13	0.03	0.01	12	0.17	0.09	3	nan	nan	0	18.07	5.06	13	18.07	5.06	13	1.17	0.69	13	8.46	1.35	13
N7 OST NIDINGEN	KANI52	08	19.08	1.37	13	19.51	1.60	13	4.49	0.58	25	106.09	5.71	15	nan	nan	0	0.05	0.02	15	0.15	0.08	15	0.72	0.49	15	0.03	0.02	14	nan	nan	2	nan	nan	0	16.77	1.79	15	16.77	1.79	15	1.38	0.87	15	9.37	2.53	15
N7 OST NIDINGEN	KANI52	09	16.66	1.06	12	21.58	2.69	12	4.05	0.55	27	102.20	5.69	15	nan	nan	0	0.09	0.06	15	0.18	0.15	15	1.61	1.23	15	0.03	0.02	14	nan	nan	1	nan	nan	0	16.54	2.60	15	16.54	2.60	15	1.92	1.08	15	8.03	2.08	15
N7 OST NIDINGEN	KANI52	10	13.36	1.58	14	21.72	1.40	14	4.50	0.79	25	102.73	8.78	15	nan	nan	0	0.11	0.04	15	0.24	0.29	15	2.95	2.69	15	0.04	0.02	14	0.30	0.38	6	nan	nan	0	16.62	2.63	15	16.62	2.63	15	2.91	1.50	15	7.03	1.61	15
N7 OST NIDINGEN	KANI52	11	9.24	1.27	11	22.41	2.31	10	5.16	0.70	25	98.58	3.82	13	nan	nan	0	0.28	0.16	13	1.36	1.57	13	4.03	3.04	13	0.10	0.12	12	0.99	0.95	10	nan	nan	0	17.33	2.66	13	17.33	2.66	13	3.26	1.27	13	6.62	1.95	13
N7 OST NIDINGEN	KANI52	12	6.60	1.60	11	23.68	2.60	11	5.42	0.79	25	99.36	4.01	14	nan	nan	0	0.36	0.10	15	3.09	2.15	15	6.20	3.46	15	0.20	0.15	14	2.71	2.01	14	nan	nan	0	18.16	2.92	15	18.16	2.92	15	3.35	1.91	15	6.31	2.09	13