STATN	STNCODE	MONTH	TEMP:mean	TEMP:std	TEMP:number_of_values	SALT:mean	SALT:std	SALT:number_of_values	CHLA:mean	CHLA:std	CHLA:number_of_values
Å17	SKEX18	01	5.609	1.727	17	32.732	1.538	17	0.821	1.139	17
Å17	SKEX18	02	4.417	1.063	20	31.785	1.756	20	2.05	2.851	20
Å17	SKEX18	03	4.598	1.466	20	31.983	2.188	20	3.959	4.288	20
Å17	SKEX18	04	5.893	1.22	21	31.025	1.919	21	1.541	0.692	21
Å17	SKEX18	05	8.418	1.179	19	31.507	1.283	19	1.417	0.564	18
Å17	SKEX18	06	11.582	1.047	18	31.745	0.825	18	1.461	0.852	18
Å17	SKEX18	07	14.319	1.242	20	32.05	0.833	20	0.801	0.335	20
Å17	SKEX18	08	15.937	1.521	19	31.853	1.109	19	0.999	0.539	19
Å17	SKEX18	09	15.31	1.123	20	32.754	0.868	20	1.012	0.474	20
Å17	SKEX18	10	13.016	1.007	20	31.779	1.741	20	1.652	0.789	20
Å17	SKEX18	11	10.374	1.252	20	32.779	1.093	20	1.321	0.453	20
Å17	SKEX18	12	8.171	1.19	22	32.527	1.843	22	0.679	0.202	22
Å16	SKEX17	01	5.45	1.763	18	32.463	1.635	18	0.25	0.128	3
Å16	SKEX17	02	4.319	1.101	26	31.601	2.275	26	1.826	2.256	6
Å16	SKEX17	03	4.364	1.295	25	31.536	1.856	25	3.575	1.737	6
Å16	SKEX17	04	5.849	1.073	27	30.885	2.059	27	2.187	1.264	7
Å16	SKEX17	05	8.617	1.039	25	31.149	1.573	25	1.989	0.465	5
Å16	SKEX17	06	11.628	1.093	23	31.359	1.362	23	1.83	0.919	5
Å16	SKEX17	07	14.724	1.265	26	31.889	0.852	26	1.318	0.677	6
Å16	SKEX17	08	16.485	1.472	24	31.93	0.943	24	1.125	0.685	5
Å16	SKEX17	09	15.265	1.085	26	32.245	1.472	26	1.576	0.644	6
Å16	SKEX17	10	12.986	1.175	24	31.635	2.677	24	nan	nan	2
Å16	SKEX17	11	10.102	1.236	22	32.731	1.64	22	0.831	0.255	4
Å16	SKEX17	12	7.733	1.374	27	32.115	2.024	27	0.282	0.127	4
Å15	SKEX16	01	5.426	1.448	16	32.263	1.899	16	0.971	1.263	12
Å15	SKEX16	02	4.549	1.115	21	31.686	2.293	21	2.019	2.282	15
Å15	SKEX16	03	4.333	1.463	20	30.996	2.153	20	2.767	1.76	16
Å15	SKEX16	04	6.03	1.23	21	30.873	2.061	21	1.473	1.035	16
Å15	SKEX16	05	8.826	1.073	19	30.793	1.413	19	1.284	0.634	13
Å15	SKEX16	06	12.057	1.06	18	31.105	1.472	18	1.218	0.439	14
Å15	SKEX16	07	15.041	0.99	20	31.914	0.717	20	1.085	0.906	16
Å15	SKEX16	08	16.987	0.93	20	31.593	1.632	20	1.736	1.202	16
Å15	SKEX16	09	15.531	1.118	19	32.425	1.746	19	1.086	0.43	14
Å15	SKEX16	10	13.082	1.238	21	31.398	2.446	21	1.591	0.603	16
Å15	SKEX16	11	10.203	1.273	20	32.031	2.154	20	1.412	0.824	15
Å15	SKEX16	12	7.738	1.495	22	31.636	2.123	22	0.89	0.437	17
Å14	SKEX15	01	5.054	1.501	15	31.876	1.854	15	nan	nan	0
Å14	SKEX15	02	4.149	1.113	19	30.821	2.446	19	nan	nan	0
Å14	SKEX15	03	4.01	1.424	18	29.892	2.083	18	nan	nan	1
Å14	SKEX15	04	6.016	1.159	20	30.46	2.052	20	nan	nan	0
Å14	SKEX15	05	9.004	0.996	19	29.926	1.509	19	nan	nan	0
Å14	SKEX15	06	12.3	1.362	18	29.958	2.219	18	nan	nan	0
Å14	SKEX15	07	15.702	0.882	19	31.14	1.141	19	nan	nan	0
Å14	SKEX15	08	17.298	0.924	19	31.51	1.036	19	nan	nan	1
Å14	SKEX15	09	15.732	1.096	19	31.727	2.37	19	nan	nan	1
Å14	SKEX15	10	12.991	0.994	21	30.556	2.789	21	nan	nan	0
Å14	SKEX15	11	9.961	1.335	16	31.419	2.497	16	nan	nan	0
Å14	SKEX15	12	7.689	1.622	23	31.408	2.289	23	nan	nan	0
Å13	SKEX14	01	4.85	1.466	17	31.158	2.122	17	1.193	1.927	17
Å13	SKEX14	02	3.623	1.162	21	29.847	2.461	21	1.913	2.099	18
Å13	SKEX14	03	3.875	1.374	20	29.377	2.191	20	3.344	3.597	19
Å13	SKEX14	04	5.933	1.03	22	29.235	2.171	22	1.656	1.108	21
Å13	SKEX14	05	9.218	1.168	19	28.755	2.025	19	1.671	0.672	18
Å13	SKEX14	06	12.942	1.036	18	29.238	2.288	18	1.971	1.106	18
Å13	SKEX14	07	16.388	0.912	20	29.884	1.779	20	1.453	0.848	20
Å13	SKEX14	08	17.443	0.771	21	30.593	1.843	21	1.463	0.785	21
Å13	SKEX14	09	15.837	0.987	20	30.519	2.362	20	1.344	0.649	18
Å13	SKEX14	10	12.938	1.053	22	29.91	2.899	22	1.953	0.927	21
Å13	SKEX14	11	10.12	1.191	21	30.598	2.39	21	1.755	0.666	19
Å13	SKEX14	12	7.396	1.599	23	30.774	2.409	23	0.964	0.532	22
SLÄGGÖ	FIBG27	01	3.975	1.759	24	28.053	1.931	24	1.031	1.433	24
SLÄGGÖ	FIBG27	02	3.224	1.199	26	28.154	2.031	26	2.026	2.553	26
SLÄGGÖ	FIBG27	03	3.285	1.183	26	27.784	1.812	26	4.01	2.903	26
SLÄGGÖ	FIBG27	04	5.428	1.083	26	26.975	2.269	26	1.944	0.758	26
SLÄGGÖ	FIBG27	05	8.661	0.838	25	26.94	1.805	25	1.772	0.509	25
SLÄGGÖ	FIBG27	06	12.732	1.059	25	27.502	1.688	25	2.003	0.631	25
SLÄGGÖ	FIBG27	07	16.165	1.089	26	27.387	1.522	26	1.459	0.639	26
SLÄGGÖ	FIBG27	08	17.221	0.967	27	27.71	1.596	27	1.52	0.775	27
SLÄGGÖ	FIBG27	09	16.018	1.373	27	27.905	1.539	27	1.923	0.684	27
SLÄGGÖ	FIBG27	10	13.091	1.184	27	28.062	2.311	27	1.998	0.77	27
SLÄGGÖ	FIBG27	11	9.977	1.408	27	28.862	2.061	27	1.602	0.97	27
SLÄGGÖ	FIBG27	12	7.055	1.537	26	28.395	1.855	26	1.048	0.559	26
P2	SKEX23	01	4.743	1.405	20	30.412	3.089	20	0.956	1.175	19
P2	SKEX23	02	3.502	1.147	29	29.665	2.691	29	2.979	3.219	29
P2	SKEX23	03	4.01	1.187	26	29.125	2.836	26	3.671	2.788	25
P2	SKEX23	04	5.885	1.065	29	28.438	2.954	29	1.974	1.181	28
P2	SKEX23	05	9.339	1.468	26	28.028	2.541	26	1.975	0.907	23
P2	SKEX23	06	13.133	1.168	26	28.871	2.483	26	2.024	0.921	24
P2	SKEX23	07	16.326	1.105	27	29.087	2.447	27	1.567	1.187	26
P2	SKEX23	08	17.733	1.2	26	29.526	2.457	26	1.732	1.049	25
P2	SKEX23	09	15.779	1.135	28	29.854	2.59	28	1.842	0.833	25
P2	SKEX23	10	12.626	1.39	26	29.575	2.722	26	2.237	1.112	24
P2	SKEX23	11	10.053	1.328	25	30.351	2.657	25	1.868	0.662	25
P2	SKEX23	12	6.993	1.604	27	30.135	2.942	27	1.134	0.909	25
FLADEN	KANX25	01	4.366	0.982	28	27.958	2.221	28	1.366	1.629	27
FLADEN	KANX25	02	3.404	0.909	29	26.885	1.887	29	2.849	2.605	29
FLADEN	KANX25	03	3.803	0.983	29	26.511	1.918	29	4.198	3.02	29
FLADEN	KANX25	04	5.68	0.945	29	26.189	1.856	29	2.322	1.751	29
FLADEN	KANX25	05	8.737	1.185	25	26.215	1.759	25	1.877	0.946	24
FLADEN	KANX25	06	12.638	1.136	27	25.903	1.522	27	1.937	0.781	27
FLADEN	KANX25	07	16.004	0.97	28	26.312	2.054	28	1.208	0.493	27
FLADEN	KANX25	08	17.492	0.991	28	25.71	1.644	28	1.222	0.509	28
FLADEN	KANX25	09	15.964	1.143	29	26.345	2.023	29	1.494	0.619	28
FLADEN	KANX25	10	12.674	1.261	29	26.168	2.579	29	2.144	1.378	29
FLADEN	KANX25	11	9.724	1.331	29	27.067	2.263	29	2.569	1.429	29
FLADEN	KANX25	12	6.862	1.243	28	27.491	2.302	28	1.51	1.11	27
N14 FALKENBERG	KANX50	01	3.801	1.605	16	25.124	2.452	16	1.898	2.39	16
N14 FALKENBERG	KANX50	02	3.09	0.932	20	24.344	2.613	20	3.662	3.235	20
N14 FALKENBERG	KANX50	03	3.447	1.181	21	24.168	2.594	21	3.913	2.476	21
N14 FALKENBERG	KANX50	04	5.36	1.09	20	23.967	2.203	20	1.951	0.795	20
N14 FALKENBERG	KANX50	05	8.119	1.545	19	23.771	2.928	19	1.637	0.896	19
N14 FALKENBERG	KANX50	06	12.283	2.115	21	23.443	2.305	21	1.574	0.698	21
N14 FALKENBERG	KANX50	07	15.641	1.593	21	23.164	1.575	21	1.246	0.56	21
N14 FALKENBERG	KANX50	08	16.999	1.019	21	23.408	1.835	21	1.137	0.431	21
N14 FALKENBERG	KANX50	09	15.81	0.865	22	23.952	2.216	22	1.481	0.842	22
N14 FALKENBERG	KANX50	10	12.564	1.157	22	23.865	2.515	22	2.242	0.912	22
N14 FALKENBERG	KANX50	11	9.186	1.137	22	24.709	2.054	22	3.075	1.438	22
N14 FALKENBERG	KANX50	12	6.36	1.358	20	25.044	2.888	20	2.435	1.568	20
ANHOLT E	KAEX29	01	3.814	1.341	29	25.203	2.363	29	1.617	1.883	28
ANHOLT E	KAEX29	02	3.103	0.886	29	24.58	2.081	29	3.747	3.239	29
ANHOLT E	KAEX29	03	3.453	0.992	30	24.011	1.862	30	5.056	3.192	30
ANHOLT E	KAEX29	04	5.818	0.968	29	23.103	1.844	29	1.66	0.874	29
ANHOLT E	KAEX29	05	8.87	1.209	25	22.864	1.738	25	1.95	0.759	23
ANHOLT E	KAEX29	06	12.776	1.179	27	22.944	1.843	27	1.829	0.706	27
ANHOLT E	KAEX29	07	16.099	0.936	29	23.003	1.169	29	1.258	0.574	28
ANHOLT E	KAEX29	08	17.426	0.856	29	23.474	1.506	29	1.294	0.627	29
ANHOLT E	KAEX29	09	15.925	1.065	30	23.465	1.664	30	1.335	0.534	29
ANHOLT E	KAEX29	10	12.377	1.045	29	23.799	1.722	29	2.327	1.39	29
ANHOLT E	KAEX29	11	9.353	1.271	29	24.458	1.897	29	2.854	1.041	29
ANHOLT E	KAEX29	12	6.539	1.227	28	24.855	2.445	28	2.42	1.939	28
W LANDSKRONA	SOCX39	01	4.784	0.818	29	21.777	3.494	29	0.72	0.495	29
W LANDSKRONA	SOCX39	02	3.529	0.95	28	18.919	3.108	28	1.191	1.096	28
W LANDSKRONA	SOCX39	03	4.115	0.8	29	20.324	3.613	29	2.951	2.199	28
W LANDSKRONA	SOCX39	04	5.884	0.844	29	19.635	3.387	29	1.478	1.042	29
W LANDSKRONA	SOCX39	05	8.772	1.131	24	21.286	2.827	24	2.228	2.44	24
W LANDSKRONA	SOCX39	06	11.432	1.234	27	20.117	3.343	27	2.028	1.111	27
W LANDSKRONA	SOCX39	07	14.153	1.206	29	19.611	3.095	29	2.06	0.956	28
W LANDSKRONA	SOCX39	08	15.006	1.002	27	21.068	2.568	27	2.004	0.862	27
W LANDSKRONA	SOCX39	09	14.083	1.199	29	20.562	2.822	29	1.758	0.556	28
W LANDSKRONA	SOCX39	10	12.096	0.891	29	21.391	3.841	29	1.755	0.967	29
W LANDSKRONA	SOCX39	11	9.981	1.092	29	21.135	3.573	29	1.432	0.75	29
W LANDSKRONA	SOCX39	12	7.248	1.373	28	21.781	3.961	28	0.838	0.471	28
BY1	BPSA02	01	3.739	1.239	29	8.538	0.753	29	1.14	0.529	19
BY1	BPSA02	02	2.65	1.149	27	8.176	0.489	27	1.37	0.775	17
BY1	BPSA02	03	2.823	1.254	29	8.118	0.495	29	4.065	2.586	20
BY1	BPSA02	04	4.574	1.246	28	7.868	0.374	28	3.696	2.397	18
BY1	BPSA02	05	8.029	1.475	23	7.672	0.259	23	2.127	1.334	16
BY1	BPSA02	06	12.096	1.506	27	7.626	0.309	27	2.238	1.04	17
BY1	BPSA02	07	15.275	1.457	28	7.752	0.36	28	2.582	1.01	18
BY1	BPSA02	08	16.8	1.961	27	7.733	0.38	27	2.431	0.98	19
BY1	BPSA02	09	15.57	1.328	27	8.008	0.58	27	2.608	1.101	20
BY1	BPSA02	10	12.382	1.255	29	8.096	0.618	29	2.463	0.716	21
BY1	BPSA02	11	9.552	1.154	29	8.174	0.332	29	3.17	0.825	19
BY1	BPSA02	12	6.733	0.992	28	8.589	0.948	28	1.68	0.484	17
BY2 ARKONA	BPSA03	01	3.881	1.256	28	8.216	0.604	28	1.15	0.467	26
BY2 ARKONA	BPSA03	02	2.778	1.234	24	8.07	0.321	24	1.152	0.442	24
BY2 ARKONA	BPSA03	03	2.925	1.274	28	7.942	0.355	28	3.393	2.018	27
BY2 ARKONA	BPSA03	04	4.575	1.335	28	7.882	0.391	28	3.094	2.277	28
BY2 ARKONA	BPSA03	05	8.431	1.528	24	7.757	0.33	24	2.167	1.276	24
BY2 ARKONA	BPSA03	06	12.277	1.399	25	7.698	0.307	25	2.028	0.756	25
BY2 ARKONA	BPSA03	07	15.198	1.403	26	7.745	0.342	26	2.332	0.792	25
BY2 ARKONA	BPSA03	08	17.357	1.517	26	7.711	0.434	26	2.209	0.563	25
BY2 ARKONA	BPSA03	09	15.551	1.467	26	7.723	0.293	26	2.466	0.633	25
BY2 ARKONA	BPSA03	10	12.322	1.326	27	7.812	0.294	27	2.515	0.902	27
BY2 ARKONA	BPSA03	11	9.508	1.124	30	8.065	0.481	30	3.078	1.015	30
BY2 ARKONA	BPSA03	12	6.694	0.988	27	8.13	0.523	27	1.693	0.494	27
BY4 CHRISTIANSÖ	BPSB06	01	4.316	1.125	26	7.536	0.297	26	0.907	0.382	14
BY4 CHRISTIANSÖ	BPSB06	02	3.263	0.89	19	7.617	0.312	19	0.805	0.413	12
BY4 CHRISTIANSÖ	BPSB06	03	2.905	1.093	28	7.574	0.289	28	1.791	0.915	17
BY4 CHRISTIANSÖ	BPSB06	04	4.24	1.273	27	7.539	0.229	27	3.876	2.731	16
BY4 CHRISTIANSÖ	BPSB06	05	7.446	1.422	24	7.506	0.213	24	2.407	1.45	15
BY4 CHRISTIANSÖ	BPSB06	06	11.806	1.557	25	7.428	0.233	25	2.129	0.81	16
BY4 CHRISTIANSÖ	BPSB06	07	15.227	1.49	25	7.38	0.231	25	2.402	0.622	16
BY4 CHRISTIANSÖ	BPSB06	08	17.494	1.137	25	7.385	0.218	25	2.061	0.672	16
BY4 CHRISTIANSÖ	BPSB06	09	15.692	1.317	26	7.407	0.221	26	2.127	0.476	18
BY4 CHRISTIANSÖ	BPSB06	10	12.092	1.611	27	7.396	0.252	27	2.136	0.758	18
BY4 CHRISTIANSÖ	BPSB06	11	9.177	1.096	29	7.386	0.243	29	2.83	1.191	17
BY4 CHRISTIANSÖ	BPSB06	12	6.708	1.159	27	7.425	0.306	27	1.592	0.699	16
BY5 BORNHOLMSDJ	BPSB07	01	4.395	1.057	26	7.536	0.277	26	0.79	0.427	24
BY5 BORNHOLMSDJ	BPSB07	02	3.175	0.933	21	7.598	0.285	21	0.833	0.452	21
BY5 BORNHOLMSDJ	BPSB07	03	2.939	1.042	28	7.549	0.257	28	2.208	1.658	27
BY5 BORNHOLMSDJ	BPSB07	04	4.221	1.285	27	7.53	0.234	27	4.083	2.558	27
BY5 BORNHOLMSDJ	BPSB07	05	7.499	1.526	24	7.471	0.225	24	2.626	1.481	24
BY5 BORNHOLMSDJ	BPSB07	06	11.794	1.386	25	7.423	0.229	25	2.103	0.818	25
BY5 BORNHOLMSDJ	BPSB07	07	15.725	1.175	26	7.38	0.21	26	2.358	0.554	25
BY5 BORNHOLMSDJ	BPSB07	08	17.4	0.954	26	7.377	0.212	26	2.122	0.626	25
BY5 BORNHOLMSDJ	BPSB07	09	15.884	1.484	27	7.386	0.217	27	2.244	0.73	26
BY5 BORNHOLMSDJ	BPSB07	10	12.454	1.287	27	7.348	0.218	27	2.749	0.785	27
BY5 BORNHOLMSDJ	BPSB07	11	9.349	1.134	30	7.408	0.21	30	2.809	1.228	30
BY5 BORNHOLMSDJ	BPSB07	12	6.888	0.958	27	7.49	0.207	27	1.578	0.712	27
HANÖBUKTEN	BPSH05	01	4.194	1.082	24	7.589	0.403	24	0.798	0.342	11
HANÖBUKTEN	BPSH05	02	3.264	0.964	19	7.543	0.372	19	0.756	0.47	12
HANÖBUKTEN	BPSH05	03	2.802	1.217	22	7.541	0.301	22	2.188	1.597	16
HANÖBUKTEN	BPSH05	04	4.433	1.322	25	7.524	0.263	25	4.731	4.506	14
HANÖBUKTEN	BPSH05	05	7.622	1.495	23	7.496	0.263	23	2.128	0.984	15
HANÖBUKTEN	BPSH05	06	11.764	1.592	24	7.416	0.266	24	1.989	0.657	15
HANÖBUKTEN	BPSH05	07	14.459	1.513	23	7.381	0.24	23	2.106	0.362	15
HANÖBUKTEN	BPSH05	08	16.749	1.556	24	7.436	0.292	24	2.108	0.54	15
HANÖBUKTEN	BPSH05	09	15.201	2.083	26	7.427	0.224	26	2.148	0.745	19
HANÖBUKTEN	BPSH05	10	12.063	1.56	24	7.442	0.248	24	2.315	0.64	16
HANÖBUKTEN	BPSH05	11	9.132	1.295	28	7.475	0.24	28	2.779	1.073	19
HANÖBUKTEN	BPSH05	12	6.838	1.189	26	7.582	0.469	25	1.533	0.711	18
REF M1V1	BPWK01	01	1.992	1.533	20	7.108	0.367	20	0.826	0.509	20
REF M1V1	BPWK01	02	1.443	1.04	19	7.112	0.28	19	1.248	0.908	18
REF M1V1	BPWK01	03	1.797	1.418	23	7.083	0.289	23	4.229	2.463	23
REF M1V1	BPWK01	04	4.194	1.385	25	7.071	0.255	25	2.17	2.282	24
REF M1V1	BPWK01	05	8.185	1.436	23	7.042	0.231	23	1.003	0.629	23
REF M1V1	BPWK01	06	11.462	1.572	24	7.096	0.251	24	1.412	0.686	24
REF M1V1	BPWK01	07	14.13	1.827	25	7.1	0.238	25	2.198	1.157	24
REF M1V1	BPWK01	08	15.783	2.835	23	7.038	0.221	23	2.887	1.541	22
REF M1V1	BPWK01	09	13.508	1.766	25	7.07	0.309	25	2.559	0.984	24
REF M1V1	BPWK01	10	10.266	1.675	23	7.074	0.281	23	3.452	2.071	23
REF M1V1	BPWK01	11	7.553	1.5	25	7.124	0.253	25	2.031	0.963	24
REF M1V1	BPWK01	12	5.047	1.262	24	7.139	0.29	24	1.276	0.458	24
BCS III-10	BPSE11	01	4.258	0.863	27	7.317	0.167	27	0.529	0.293	25
BCS III-10	BPSE11	02	2.967	0.756	17	7.322	0.173	17	0.627	0.34	17
BCS III-10	BPSE11	03	2.917	0.942	26	7.338	0.136	26	1.363	1.452	25
BCS III-10	BPSE11	04	3.864	1.138	26	7.329	0.125	26	5.335	4.645	26
BCS III-10	BPSE11	05	6.976	1.684	23	7.303	0.13	23	3.32	1.772	23
BCS III-10	BPSE11	06	11.098	1.31	24	7.252	0.123	24	2.653	0.812	24
BCS III-10	BPSE11	07	15.555	1.496	22	7.193	0.147	22	3.207	0.967	21
BCS III-10	BPSE11	08	17.547	1.271	25	7.161	0.146	25	2.407	0.749	24
BCS III-10	BPSE11	09	15.598	1.455	24	7.172	0.166	24	2.229	0.801	23
BCS III-10	BPSE11	10	12.296	1.553	25	7.182	0.179	25	2.809	0.782	24
BCS III-10	BPSE11	11	8.835	1.453	28	7.169	0.181	28	2.388	1.061	28
BCS III-10	BPSE11	12	6.632	1.036	23	7.264	0.166	23	1.336	0.734	23
BY10	BPEX13	01	4.223	0.861	27	7.242	0.125	27	0.454	0.293	25
BY10	BPEX13	02	2.952	0.96	19	7.295	0.1	19	0.527	0.37	19
BY10	BPEX13	03	2.767	0.975	26	7.315	0.112	26	0.929	0.573	25
BY10	BPEX13	04	3.709	1.139	27	7.29	0.117	27	4.628	4.122	27
BY10	BPEX13	05	7.01	1.453	22	7.265	0.131	22	2.86	1.454	20
BY10	BPEX13	06	11.115	1.278	25	7.199	0.112	25	3.031	2.215	24
BY10	BPEX13	07	15.095	1.577	26	7.123	0.139	26	3.318	0.81	25
BY10	BPEX13	08	17.258	0.897	26	7.033	0.149	26	2.533	0.576	25
BY10	BPEX13	09	15.308	1.728	24	6.967	0.196	24	2.287	0.768	24
BY10	BPEX13	10	11.85	1.294	25	7.021	0.193	25	2.437	0.451	23
BY10	BPEX13	11	8.721	1.257	26	7.109	0.141	26	2.485	1.414	23
BY10	BPEX13	12	6.434	0.954	25	7.151	0.137	25	1.005	0.524	24
BY15 GOTLANDSDJ	BPEX21	01	4.248	0.909	27	7.239	0.14	27	0.418	0.225	24
BY15 GOTLANDSDJ	BPEX21	02	3.027	0.946	21	7.269	0.14	21	0.503	0.207	19
BY15 GOTLANDSDJ	BPEX21	03	2.709	0.993	27	7.291	0.125	27	1.203	1.238	25
BY15 GOTLANDSDJ	BPEX21	04	3.56	1.125	27	7.26	0.149	27	5.733	4.36	27
BY15 GOTLANDSDJ	BPEX21	05	6.58	1.575	23	7.176	0.156	23	2.967	1.52	23
BY15 GOTLANDSDJ	BPEX21	06	10.526	1.29	25	7.104	0.173	25	3.191	1.755	25
BY15 GOTLANDSDJ	BPEX21	07	14.869	1.116	27	6.992	0.193	27	3.402	0.981	26
BY15 GOTLANDSDJ	BPEX21	08	17.055	1.154	27	6.837	0.216	27	2.816	0.469	25
BY15 GOTLANDSDJ	BPEX21	09	14.988	1.66	26	6.855	0.198	26	2.465	0.7	25
BY15 GOTLANDSDJ	BPEX21	10	11.837	1.356	25	6.911	0.197	25	2.691	0.736	25
BY15 GOTLANDSDJ	BPEX21	11	8.63	1.267	28	7.025	0.168	28	2.664	1.466	28
BY15 GOTLANDSDJ	BPEX21	12	6.53	0.935	26	7.105	0.166	26	0.985	0.434	24
BY20 FÅRÖDJ	BPEX26	01	4.118	1.103	26	7.068	0.188	26	0.373	0.263	23
BY20 FÅRÖDJ	BPEX26	02	2.926	0.985	21	7.088	0.172	21	0.352	0.179	19
BY20 FÅRÖDJ	BPEX26	03	2.356	1.108	26	7.072	0.134	26	0.787	0.498	25
BY20 FÅRÖDJ	BPEX26	04	3.218	1.088	28	7.023	0.15	28	4.77	2.243	28
BY20 FÅRÖDJ	BPEX26	05	6.424	1.656	24	6.938	0.199	24	2.336	0.641	22
BY20 FÅRÖDJ	BPEX26	06	10.121	1.119	25	6.817	0.191	24	2.901	2.087	24
BY20 FÅRÖDJ	BPEX26	07	14.276	1.32	27	6.603	0.24	27	3.636	1.044	26
BY20 FÅRÖDJ	BPEX26	08	16.782	1.182	27	6.554	0.202	27	2.871	0.679	25
BY20 FÅRÖDJ	BPEX26	09	14.743	1.767	24	6.531	0.197	24	2.362	0.804	23
BY20 FÅRÖDJ	BPEX26	10	11.509	1.424	26	6.674	0.188	26	2.464	0.499	24
BY20 FÅRÖDJ	BPEX26	11	8.34	1.183	28	6.791	0.169	28	1.954	0.784	26
BY20 FÅRÖDJ	BPEX26	12	6.308	0.971	28	6.895	0.182	28	0.806	0.353	27
BY29 / LL19	BPNX35	01	4.283	1.028	23	6.981	0.18	23	0.302	0.161	20
BY29 / LL19	BPNX35	02	2.527	1.203	19	6.969	0.168	19	0.313	0.116	18
BY29 / LL19	BPNX35	03	1.948	1.211	26	6.906	0.218	27	0.697	0.294	26
BY29 / LL19	BPNX35	04	2.639	0.931	27	6.832	0.236	27	4.506	1.835	26
BY29 / LL19	BPNX35	05	5.418	1.278	26	6.709	0.202	26	2.577	1.386	22
BY29 / LL19	BPNX35	06	9.249	1.001	26	6.532	0.202	26	2.157	0.597	25
BY29 / LL19	BPNX35	07	14.153	1.279	25	6.405	0.219	26	3.115	0.602	25
BY29 / LL19	BPNX35	08	16.588	1.658	28	6.324	0.265	28	2.547	0.641	25
BY29 / LL19	BPNX35	09	14.267	1.132	24	6.423	0.215	24	2.479	0.461	22
BY29 / LL19	BPNX35	10	11.028	1.683	14	6.469	0.16	14	2.502	0.694	10
BY29 / LL19	BPNX35	11	8.36	1.438	25	6.675	0.178	25	1.9	0.903	22
BY29 / LL19	BPNX35	12	6.741	1.178	27	6.841	0.196	27	0.688	0.359	24
B1	BPNX01	01	1.959	1.069	27	6.803	0.34	27	0.479	0.283	27
B1	BPNX01	02	1.011	0.944	27	6.734	0.288	28	0.57	0.291	28
B1	BPNX01	03	1.309	0.974	29	6.608	0.286	29	2.081	1.067	29
B1	BPNX01	04	2.989	0.946	29	6.462	0.242	29	3.64	1.12	29
B1	BPNX01	05	6.925	1.022	29	6.271	0.212	29	1.804	0.442	29
B1	BPNX01	06	11.051	1.457	29	6.179	0.218	29	2.001	0.715	29
B1	BPNX01	07	13.721	1.625	29	6.162	0.209	29	2.312	0.699	29
B1	BPNX01	08	15.129	2.386	29	6.182	0.212	29	2.211	0.65	29
B1	BPNX01	09	12.341	2.33	29	6.337	0.317	29	2.09	0.865	29
B1	BPNX01	10	9.521	1.839	29	6.464	0.351	29	1.707	0.552	29
B1	BPNX01	11	6.728	1.191	29	6.609	0.243	29	1.232	0.623	29
B1	BPNX01	12	4.287	1.088	29	6.676	0.312	29	0.635	0.428	29
BY31 LANDSORTSDJ	BPNX37	01	3.341	1.209	24	6.811	0.255	25	0.403	0.222	23
BY31 LANDSORTSDJ	BPNX37	02	2.032	0.986	21	6.755	0.218	21	0.492	0.189	19
BY31 LANDSORTSDJ	BPNX37	03	1.883	1.017	29	6.684	0.244	29	1.614	1.151	29
BY31 LANDSORTSDJ	BPNX37	04	2.908	0.805	29	6.668	0.213	29	4.034	0.985	29
BY31 LANDSORTSDJ	BPNX37	05	5.858	0.976	29	6.549	0.189	29	2.412	0.73	29
BY31 LANDSORTSDJ	BPNX37	06	9.942	1.195	30	6.433	0.216	30	2.234	0.755	29
BY31 LANDSORTSDJ	BPNX37	07	13.821	1.402	28	6.31	0.192	28	2.672	0.517	28
BY31 LANDSORTSDJ	BPNX37	08	15.117	2.067	30	6.276	0.194	30	2.22	0.52	28
BY31 LANDSORTSDJ	BPNX37	09	13.58	1.929	28	6.326	0.223	28	2.112	0.557	27
BY31 LANDSORTSDJ	BPNX37	10	11.165	1.609	28	6.441	0.23	28	2.278	0.798	27
BY31 LANDSORTSDJ	BPNX37	11	7.479	1.098	30	6.629	0.145	30	1.746	0.892	29
BY31 LANDSORTSDJ	BPNX37	12	6.089	0.969	25	6.672	0.226	25	0.903	0.725	24
BY32 NORRKÖPINGSDJ	BPWX38	01	3.557	0.986	25	6.888	0.205	25	0.474	0.506	14
BY32 NORRKÖPINGSDJ	BPWX38	02	2.53	0.887	20	6.922	0.189	20	0.359	0.174	13
BY32 NORRKÖPINGSDJ	BPWX38	03	2.216	0.999	27	6.892	0.205	27	1.022	1.026	17
BY32 NORRKÖPINGSDJ	BPWX38	04	3.17	1.111	27	6.827	0.186	27	4.326	2.595	17
BY32 NORRKÖPINGSDJ	BPWX38	05	6.534	1.793	23	6.791	0.193	23	2.338	0.716	14
BY32 NORRKÖPINGSDJ	BPWX38	06	10.488	1.323	26	6.676	0.188	26	2.929	1.396	15
BY32 NORRKÖPINGSDJ	BPWX38	07	14.456	1.566	26	6.563	0.207	26	2.886	0.718	17
BY32 NORRKÖPINGSDJ	BPWX38	08	16.187	1.875	27	6.481	0.186	27	2.635	0.738	16
BY32 NORRKÖPINGSDJ	BPWX38	09	14.576	1.81	22	6.449	0.2	22	2.381	0.907	17
BY32 NORRKÖPINGSDJ	BPWX38	10	11.291	1.581	26	6.521	0.241	26	2.613	0.918	16
BY32 NORRKÖPINGSDJ	BPWX38	11	7.672	1.221	28	6.639	0.114	28	2.223	1.241	16
BY32 NORRKÖPINGSDJ	BPWX38	12	6.15	0.98	23	6.752	0.201	23	1.191	0.874	14
BY38 KARLSÖDJ	BPWX45	01	3.542	0.922	23	6.935	0.191	23	0.393	0.34	21
BY38 KARLSÖDJ	BPWX45	02	2.627	0.907	22	7.008	0.191	22	0.425	0.294	21
BY38 KARLSÖDJ	BPWX45	03	2.32	0.937	26	7.002	0.177	26	1.095	0.905	26
BY38 KARLSÖDJ	BPWX45	04	3.395	1.1	27	6.995	0.188	27	5.177	3.422	27
BY38 KARLSÖDJ	BPWX45	05	6.685	1.594	24	7.004	0.179	24	2.544	1.501	23
BY38 KARLSÖDJ	BPWX45	06	11.01	1.467	26	6.971	0.217	26	2.131	1.027	26
BY38 KARLSÖDJ	BPWX45	07	14.303	1.475	26	6.833	0.208	26	2.886	0.823	25
BY38 KARLSÖDJ	BPWX45	08	16.073	1.701	24	6.715	0.247	24	2.283	0.696	23
BY38 KARLSÖDJ	BPWX45	09	14.717	1.46	22	6.671	0.246	22	2.34	0.843	22
BY38 KARLSÖDJ	BPWX45	10	11.102	1.646	27	6.745	0.246	27	2.642	0.778	25
BY38 KARLSÖDJ	BPWX45	11	7.756	1.25	28	6.728	0.167	28	2.175	1.107	28
BY38 KARLSÖDJ	BPWX45	12	6.21	0.882	25	6.829	0.152	25	1.096	0.84	25
MS4 / C14	GBSX15	01	1.984	1.002	19	5.36	0.078	19	nan	nan	0
MS4 / C14	GBSX15	02	1.361	0.712	21	5.382	0.103	21	nan	nan	0
MS4 / C14	GBSX15	03	0.554	0.639	9	5.427	0.104	9	nan	nan	0
MS4 / C14	GBSX15	04	1.721	0.587	20	5.338	0.081	20	nan	nan	0
MS4 / C14	GBSX15	05	4.32	1.149	22	5.325	0.119	22	nan	nan	0
MS4 / C14	GBSX15	06	8.446	1.682	20	5.206	0.129	19	nan	nan	0
MS4 / C14	GBSX15	07	14.593	2.274	18	5.12	0.149	17	nan	nan	0
MS4 / C14	GBSX15	08	15.832	1.64	17	4.973	0.252	17	nan	nan	0
MS4 / C14	GBSX15	09	14.157	2.178	15	5.04	0.134	15	nan	nan	1
MS4 / C14	GBSX15	10	8.417	1.148	11	5.091	0.175	11	nan	nan	0
MS4 / C14	GBSX15	11	5.436	0.954	11	5.279	0.15	12	nan	nan	1
MS4 / C14	GBSX15	12	4.321	1.105	15	5.26	0.129	15	nan	nan	0
C3	GBSX31	01	1.799	1.184	19	5.305	0.1	19	nan	nan	0
C3	GBSX31	02	0.728	0.729	19	5.237	0.149	19	nan	nan	0
C3	GBSX31	03	0.386	0.728	7	5.26	0.122	7	nan	nan	0
C3	GBSX31	04	1.689	0.571	20	5.193	0.145	20	nan	nan	0
C3	GBSX31	05	4.312	1.196	20	5.13	0.271	20	nan	nan	1
C3	GBSX31	06	8.264	2.01	20	5.025	0.262	19	nan	nan	1
C3	GBSX31	07	14.026	1.707	18	4.924	0.2	17	nan	nan	1
C3	GBSX31	08	15.697	1.755	17	4.855	0.183	17	nan	nan	1
C3	GBSX31	09	13.952	2.472	14	4.935	0.127	14	nan	nan	1
C3	GBSX31	10	8.646	1.208	11	5.02	0.191	11	nan	nan	0
C3	GBSX31	11	6.383	1.191	9	5.052	0.142	9	nan	nan	0
C3	GBSX31	12	4.311	1.295	17	5.143	0.208	17	nan	nan	0
B7	GBSX59	01	1.127	1.379	9	4.549	0.8	9	nan	nan	0
B7	GBSX59	02	0.171	0.355	11	4.474	0.47	12	nan	nan	0
B7	GBSX59	03	0.268	0.264	18	4.351	0.42	18	nan	nan	0
B7	GBSX59	04	1.395	0.941	20	4.156	0.437	20	nan	nan	0
B7	GBSX59	05	4.43	1.245	20	3.975	0.392	20	nan	nan	0
B7	GBSX59	06	8.415	1.907	17	4.011	0.395	18	nan	nan	0
B7	GBSX59	07	11.957	2.542	12	4.059	0.515	12	nan	nan	0
B7	GBSX59	08	12.219	2.671	20	4.184	0.465	20	nan	nan	0
B7	GBSX59	09	12.928	2.016	16	4.124	0.486	16	nan	nan	0
B7	GBSX59	10	8.417	1.371	20	4.473	0.386	20	nan	nan	0
B7	GBSX59	11	4.452	1.638	10	4.366	0.331	10	nan	nan	0
B7	GBSX59	12	2.544	1.456	10	4.185	0.456	10	nan	nan	0
NB1 / B3	GBSX58	01	0.692	0.586	18	4.738	0.317	16	nan	nan	0
NB1 / B3	GBSX58	02	0.269	0.495	20	4.437	0.731	19	nan	nan	0
NB1 / B3	GBSX58	03	0.259	0.415	24	4.259	0.546	25	nan	nan	0
NB1 / B3	GBSX58	04	1.196	0.758	24	4.443	0.382	25	nan	nan	0
NB1 / B3	GBSX58	05	4.491	1.109	28	4.013	0.339	28	nan	nan	0
NB1 / B3	GBSX58	06	7.655	1.278	26	4.193	0.375	24	nan	nan	0
NB1 / B3	GBSX58	07	11.15	2.367	20	4.053	0.411	18	nan	nan	0
NB1 / B3	GBSX58	08	12.409	2.47	26	4.174	0.456	24	nan	nan	0
NB1 / B3	GBSX58	09	11.145	1.917	26	4.277	0.39	24	nan	nan	0
NB1 / B3	GBSX58	10	7.713	2.094	24	4.486	0.477	22	nan	nan	0
NB1 / B3	GBSX58	11	3.943	1.762	17	4.529	0.423	16	nan	nan	0
NB1 / B3	GBSX58	12	2.915	1.179	17	4.671	0.543	16	nan	nan	0
F9 / A13	GBBX43	01	1.0	0.752	23	3.108	0.15	24	nan	nan	0
F9 / A13	GBBX43	02	0.123	0.302	14	3.101	0.156	15	nan	nan	0
F9 / A13	GBBX43	03	-0.046	0.194	16	3.2	0.112	17	nan	nan	0
F9 / A13	GBBX43	04	0.455	0.417	22	3.111	0.131	22	nan	nan	0
F9 / A13	GBBX43	05	1.907	1.098	29	3.132	0.182	29	nan	nan	0
F9 / A13	GBBX43	06	5.12	1.714	30	3.082	0.164	29	nan	nan	1
F9 / A13	GBBX43	07	12.331	2.067	24	2.923	0.133	22	nan	nan	0
F9 / A13	GBBX43	08	14.65	1.435	28	2.908	0.158	27	nan	nan	1
F9 / A13	GBBX43	09	11.643	2.236	24	2.928	0.148	23	nan	nan	0
F9 / A13	GBBX43	10	7.016	1.218	17	2.962	0.154	15	nan	nan	0
F9 / A13	GBBX43	11	4.644	1.057	18	3.093	0.19	18	nan	nan	2
F9 / A13	GBBX43	12	3.368	1.035	27	3.034	0.15	26	nan	nan	1
F3 / A5	GBBX45	01	0.557	0.592	19	2.991	0.17	19	nan	nan	0
F3 / A5	GBBX45	02	-0.074	0.107	10	3.066	0.168	10	nan	nan	0
F3 / A5	GBBX45	03	-0.087	0.093	14	3.016	0.277	14	nan	nan	0
F3 / A5	GBBX45	04	0.211	0.307	12	3.027	0.135	12	nan	nan	0
F3 / A5	GBBX45	05	1.174	0.638	26	3.067	0.175	26	nan	nan	1
F3 / A5	GBBX45	06	5.536	1.866	26	2.829	0.231	25	nan	nan	2
F3 / A5	GBBX45	07	13.159	1.642	17	2.635	0.203	16	nan	nan	1
F3 / A5	GBBX45	08	15.019	1.514	27	2.594	0.166	26	nan	nan	2
F3 / A5	GBBX45	09	12.098	1.897	22	2.741	0.182	22	nan	nan	1
F3 / A5	GBBX45	10	7.45	1.488	12	2.905	0.156	11	nan	nan	0
F3 / A5	GBBX45	11	4.659	1.27	18	3.058	0.179	18	nan	nan	1
F3 / A5	GBBX45	12	3.412	1.475	20	2.907	0.135	20	nan	nan	0
