STATN	STNCODE	MONTH	TEMP_CTD:mean	TEMP_CTD:std	TEMP_CTD:number_of_values	SALT_CTD:mean	SALT_CTD:std	SALT_CTD:number_of_values	DOXY_BTL_bottom:mean	DOXY_BTL_bottom:std	DOXY_BTL_bottom:number_of_values	O2SAT_BTL:mean	O2SAT_BTL:std	O2SAT_BTL:number_of_values	H2S:mean	H2S:std	H2S:number_of_values	PHOS:mean	PHOS:std	PHOS:number_of_values	DIN:mean	DIN:std	DIN:number_of_values	SIO3-SI:mean	SIO3-SI:std	SIO3-SI:number_of_values	NTRI:mean	NTRI:std	NTRI:number_of_values	NTRA:mean	NTRA:std	NTRA:number_of_values	AMON:mean	AMON:std	AMON:number_of_values	PTOT:mean	PTOT:std	PTOT:number_of_values	NTOT:mean	NTOT:std	NTOT:number_of_values	CHLA:mean	CHLA:std	CHLA:number_of_values	SECCHI:mean	SECCHI:std	SECCHI:number_of_values
ANHOLT E	KAEX29	01	3.08	1.86	25	22.83	3.61	25	5.99	0.45	35	98.98	1.09	25	nan	nan	0	0.58	0.12	25	5.49	1.62	25	9.40	2.90	25	0.29	0.15	25	4.91	1.57	25	0.38	0.23	24	19.09	1.58	24	19.09	1.58	24	1.70	1.77	25	7.50	2.69	4
ANHOLT E	KAEX29	02	2.18	1.50	28	21.92	2.82	28	6.08	0.49	40	102.02	3.55	29	nan	nan	0	0.46	0.19	29	4.95	2.80	29	8.16	3.79	29	0.23	0.16	29	4.87	2.39	28	0.21	0.15	29	20.25	2.30	29	20.25	2.30	29	4.30	3.52	28	5.70	2.29	10
ANHOLT E	KAEX29	03	2.99	1.42	25	20.33	2.30	25	5.98	0.50	36	104.74	3.92	27	nan	nan	0	0.14	0.14	27	0.82	1.47	27	3.09	3.45	27	0.07	0.09	27	1.92	1.80	11	0.21	0.13	25	17.76	2.19	27	17.76	2.19	27	4.20	3.04	27	7.41	2.60	11
ANHOLT E	KAEX29	04	6.28	1.71	32	18.75	2.61	32	5.59	0.55	47	104.28	2.95	31	nan	nan	0	0.08	0.04	32	0.19	0.16	32	2.07	1.79	32	0.03	0.02	32	0.35	0.46	8	0.19	0.14	31	16.67	1.67	32	16.67	1.67	32	1.72	0.92	31	8.08	1.46	19
ANHOLT E	KAEX29	05	10.54	1.54	23	17.66	2.65	23	5.61	0.47	35	103.76	2.57	23	nan	nan	0	0.08	0.04	23	0.28	0.49	23	2.34	1.67	23	0.04	0.04	23	1.85	2.26	4	0.14	0.10	23	16.37	1.66	23	16.37	1.66	23	2.00	0.95	23	8.12	1.58	17
ANHOLT E	KAEX29	06	15.08	1.66	30	18.54	3.04	30	5.05	0.48	43	105.40	3.09	30	nan	nan	0	0.06	0.03	30	0.15	0.05	30	1.83	1.46	30	0.03	0.01	30	0.13	0.06	8	0.13	0.07	30	16.12	1.44	30	16.12	1.44	30	1.85	0.90	30	7.26	1.45	19
ANHOLT E	KAEX29	07	18.26	1.40	33	19.12	2.08	33	4.12	0.53	44	104.89	4.18	34	nan	nan	0	0.06	0.03	35	0.14	0.05	35	0.78	0.87	35	0.02	0.01	35	0.13	0.05	4	0.15	0.08	35	15.97	1.76	35	15.97	1.76	35	1.34	0.78	35	8.17	1.90	26
ANHOLT E	KAEX29	08	18.92	1.23	41	19.68	2.26	41	3.27	0.68	60	102.69	3.09	41	nan	nan	0	0.06	0.03	41	0.15	0.08	41	1.17	0.80	41	0.03	0.01	41	nan	nan	2	0.18	0.07	39	16.03	1.45	41	16.03	1.45	41	1.14	0.58	40	9.12	1.67	20
ANHOLT E	KAEX29	09	16.50	0.99	37	20.32	1.89	37	2.68	0.78	55	101.04	1.54	39	nan	nan	0	0.07	0.03	39	0.14	0.04	39	1.72	1.06	39	0.03	0.01	39	0.10	0.00	3	0.19	0.09	39	16.13	1.29	39	16.13	1.29	39	1.33	0.60	39	8.13	1.93	15
ANHOLT E	KAEX29	10	12.07	1.27	27	21.69	2.35	27	3.62	0.83	39	99.65	1.91	28	nan	nan	0	0.18	0.05	28	0.18	0.09	28	3.46	1.85	28	0.03	0.02	28	0.19	0.10	9	0.18	0.08	27	15.67	1.79	28	15.67	1.79	28	2.22	0.76	28	7.86	0.83	7
ANHOLT E	KAEX29	11	9.01	1.48	16	22.77	2.81	16	4.43	0.45	39	99.53	1.60	20	nan	nan	0	0.26	0.09	19	0.76	0.79	19	4.19	3.24	19	0.11	0.13	19	0.61	0.56	16	0.26	0.22	17	14.98	1.44	20	14.98	1.44	20	2.94	1.14	20	8.25	1.56	8
ANHOLT E	KAEX29	12	6.10	1.95	18	23.68	4.08	18	5.18	0.53	31	99.26	1.59	19	nan	nan	0	0.45	0.11	19	3.17	1.04	19	7.00	2.93	19	0.22	0.13	19	2.74	0.95	19	0.44	0.25	17	16.44	1.89	19	16.44	1.89	19	1.99	1.65	19	nan	nan	2
BCS III-10	BPSE11	01	4.11	0.90	14	7.32	0.17	14	1.75	1.44	32	96.52	0.98	14	nan	nan	0	0.67	0.16	14	2.77	0.40	14	11.75	2.63	14	0.13	0.10	14	2.51	0.46	14	0.24	0.20	14	19.39	1.04	14	19.39	1.04	14	0.57	0.32	14	9.33	2.05	3
BCS III-10	BPSE11	02	2.86	0.74	10	7.30	0.17	10	2.09	1.03	16	97.90	1.13	10	nan	nan	0	0.73	0.12	10	3.20	0.39	10	12.92	1.58	10	0.10	0.05	10	3.01	0.39	10	0.26	0.18	10	20.93	1.04	10	20.93	1.04	10	0.60	0.31	10	11.33	1.70	3
BCS III-10	BPSE11	03	2.83	0.85	16	7.34	0.13	16	2.03	1.42	34	99.96	1.83	17	nan	nan	0	0.68	0.08	17	3.18	0.93	17	12.68	1.55	17	0.12	0.05	17	2.94	0.92	17	0.21	0.09	16	21.28	1.43	17	21.28	1.43	17	1.56	1.73	17	10.93	2.76	7
BCS III-10	BPSE11	04	3.91	1.29	15	7.32	0.10	15	2.42	1.63	26	108.94	5.16	15	nan	nan	0	0.46	0.14	15	0.87	1.03	15	11.15	2.38	15	0.05	0.05	15	1.71	0.78	6	0.18	0.16	15	20.91	1.69	15	20.91	1.69	15	3.91	2.53	15	9.12	0.74	4
BCS III-10	BPSE11	05	7.40	2.06	12	7.28	0.12	12	2.81	1.94	27	116.33	5.15	12	nan	nan	0	0.21	0.10	12	0.12	0.01	12	9.90	2.51	12	0.02	0.01	12	nan	nan	1	0.15	0.09	12	21.85	2.63	12	21.85	2.63	12	3.58	2.08	12	8.00	2.45	9
BCS III-10	BPSE11	06	12.78	2.11	16	7.22	0.10	16	1.96	1.58	27	113.06	5.24	16	nan	nan	0	0.16	0.11	16	0.15	0.05	16	9.83	2.40	16	0.03	0.01	16	0.10	0.00	3	0.13	0.08	16	20.99	2.74	16	20.99	2.74	16	2.73	0.90	16	6.17	0.90	6
BCS III-10	BPSE11	07	17.71	2.27	18	7.18	0.16	17	1.53	1.10	26	110.83	5.18	18	nan	nan	0	0.14	0.10	18	0.16	0.04	18	9.89	2.82	18	0.04	0.02	18	0.11	0.03	6	0.13	0.07	18	23.18	3.28	18	23.18	3.28	18	3.15	1.15	18	5.42	1.44	12
BCS III-10	BPSE11	08	18.51	1.46	16	7.15	0.15	16	2.60	1.63	30	101.76	5.17	16	nan	nan	0	0.11	0.06	16	0.14	0.02	16	7.87	2.04	16	0.04	0.02	16	nan	nan	1	0.21	0.12	16	22.12	2.18	16	22.12	2.18	16	2.24	0.61	16	7.06	1.59	8
BCS III-10	BPSE11	09	16.32	1.09	13	7.16	0.15	13	2.25	1.18	24	99.18	1.63	13	nan	nan	0	0.16	0.07	13	0.16	0.06	13	8.34	2.14	13	0.03	0.01	13	0.11	0.02	5	0.25	0.17	13	20.46	1.39	13	20.46	1.39	13	2.04	0.48	13	nan	nan	1
BCS III-10	BPSE11	10	12.57	1.32	13	7.15	0.19	13	1.59	1.06	24	98.44	1.08	13	nan	nan	0	0.21	0.09	13	0.28	0.16	13	7.48	2.13	13	0.07	0.04	13	0.18	0.10	9	0.33	0.21	13	19.85	1.20	12	19.85	1.20	12	2.68	0.48	13	nan	nan	2
BCS III-10	BPSE11	11	9.12	1.19	14	7.18	0.20	14	1.91	1.33	33	97.40	1.23	14	nan	nan	0	0.30	0.06	14	0.80	0.41	14	6.99	1.80	14	0.21	0.10	14	0.39	0.30	14	0.20	0.09	13	19.28	0.97	14	19.28	0.97	14	2.67	0.91	14	nan	nan	1
BCS III-10	BPSE11	12	6.51	0.83	13	7.27	0.17	13	1.44	0.92	21	96.40	1.02	13	nan	nan	0	0.51	0.08	13	1.77	0.49	13	9.27	1.81	13	0.19	0.13	13	1.38	0.57	13	0.31	0.25	13	20.03	1.42	13	20.03	1.42	13	1.49	0.69	13	nan	nan	1
BY1	BPSA02	01	3.62	1.46	15	8.31	0.83	15	6.66	1.15	37	98.80	1.01	15	nan	nan	0	0.62	0.12	15	3.71	0.95	15	11.70	2.13	15	0.35	0.25	15	3.00	0.90	15	0.16	0.08	15	20.81	1.67	14	20.81	1.67	14	0.96	0.36	9	nan	nan	0
BY1	BPSA02	02	2.55	1.04	13	8.03	0.51	13	6.91	1.03	26	99.47	0.88	13	nan	nan	0	0.66	0.13	13	3.32	0.53	13	12.52	2.01	13	0.18	0.06	13	2.96	0.53	13	0.19	0.07	13	21.61	0.87	13	21.61	0.87	13	1.54	0.76	8	nan	nan	0
BY1	BPSA02	03	2.82	1.08	15	8.00	0.49	15	7.43	0.82	30	104.31	4.42	16	nan	nan	0	0.50	0.23	16	2.05	2.24	16	10.39	4.98	16	0.16	0.17	16	2.73	1.87	10	0.21	0.11	15	23.24	7.19	16	23.24	7.19	16	4.28	3.19	12	7.38	1.19	4
BY1	BPSA02	04	4.47	1.39	16	7.70	0.28	16	6.13	1.48	30	109.38	3.03	16	nan	nan	0	0.33	0.19	16	0.68	1.61	16	7.87	3.81	16	0.04	0.04	16	2.85	2.55	3	0.19	0.09	16	20.88	4.89	16	20.88	4.89	16	3.76	2.56	10	nan	nan	0
BY1	BPSA02	05	8.16	1.30	11	7.59	0.22	11	4.71	1.55	27	108.50	2.20	12	nan	nan	0	0.27	0.14	12	0.12	0.00	12	7.91	2.72	12	0.02	0.00	12	nan	nan	1	0.15	0.08	12	19.93	1.65	12	19.93	1.65	12	1.87	1.32	8	nan	nan	1
BY1	BPSA02	06	13.35	1.94	17	7.54	0.28	17	3.63	1.56	28	108.93	3.85	17	nan	nan	0	0.19	0.10	17	0.14	0.05	17	7.67	1.90	17	0.03	0.01	17	nan	nan	1	0.13	0.07	17	20.87	2.35	17	20.87	2.35	17	2.32	1.22	11	6.83	0.85	3
BY1	BPSA02	07	17.50	1.76	19	7.63	0.30	19	2.67	1.40	29	106.86	3.38	19	nan	nan	0	0.17	0.11	19	0.14	0.05	19	8.36	1.92	19	0.03	0.01	19	nan	nan	2	0.17	0.10	19	21.18	1.69	19	21.18	1.69	19	2.29	0.64	12	nan	nan	0
BY1	BPSA02	08	18.04	1.69	17	7.63	0.30	17	2.13	1.41	37	102.75	3.45	17	nan	nan	0	0.21	0.13	17	0.13	0.01	17	9.02	1.99	17	0.03	0.01	17	nan	nan	1	0.16	0.07	16	21.33	1.50	17	21.33	1.50	17	2.02	0.85	13	6.50	0.41	3
BY1	BPSA02	09	15.62	1.29	14	7.83	0.30	14	2.70	1.73	29	99.03	2.10	14	nan	nan	0	0.29	0.13	14	0.15	0.06	14	10.25	1.78	14	0.03	0.01	14	nan	nan	2	0.16	0.09	14	20.32	1.50	14	20.32	1.50	14	2.32	0.51	11	nan	nan	2
BY1	BPSA02	10	12.33	1.29	15	7.98	0.60	15	4.10	1.60	27	98.52	2.01	15	nan	nan	0	0.35	0.16	15	0.22	0.11	15	10.18	2.38	15	0.05	0.02	15	0.14	0.08	9	0.25	0.11	15	19.80	1.19	15	19.80	1.19	15	2.58	0.57	11	7.33	1.25	3
BY1	BPSA02	11	9.67	1.28	13	8.07	0.32	13	4.55	1.32	36	98.33	1.12	15	nan	nan	0	0.41	0.15	15	0.72	0.45	15	8.71	3.26	15	0.18	0.12	15	0.34	0.27	15	0.33	0.32	13	19.06	0.82	15	19.06	0.82	15	3.17	0.87	11	nan	nan	1
BY1	BPSA02	12	6.76	0.80	15	8.47	0.87	15	6.15	1.12	27	98.59	1.59	15	nan	nan	0	0.53	0.12	15	2.35	0.63	15	9.52	3.00	15	0.47	0.15	15	1.43	0.55	15	0.28	0.21	14	20.57	1.31	15	20.57	1.31	15	1.63	0.46	11	nan	nan	1
BY2 ARKONA	BPSA03	01	3.63	1.53	15	8.13	0.68	15	6.31	0.98	37	98.73	1.05	15	nan	nan	0	0.63	0.11	15	3.70	1.03	15	12.09	2.06	15	0.33	0.21	15	3.04	0.94	15	0.15	0.09	15	20.29	4.35	14	20.29	4.35	14	1.16	0.44	15	8.50	1.08	3
BY2 ARKONA	BPSA03	02	2.66	1.02	12	8.00	0.38	12	6.99	0.81	27	99.61	1.08	12	nan	nan	0	0.64	0.12	12	3.47	0.39	12	12.11	1.91	12	0.19	0.07	12	3.10	0.45	12	0.21	0.09	12	21.48	1.09	12	21.48	1.09	12	1.21	0.47	12	nan	nan	1
BY2 ARKONA	BPSA03	03	2.81	1.15	15	7.92	0.30	15	7.26	0.78	32	103.96	5.18	16	nan	nan	0	0.50	0.24	16	2.12	2.10	16	10.80	5.01	16	0.15	0.11	16	2.40	1.89	12	0.18	0.08	15	21.57	3.08	16	21.57	3.08	16	3.46	1.92	16	7.80	0.98	5
BY2 ARKONA	BPSA03	04	4.63	1.51	16	7.76	0.27	16	6.44	1.22	30	107.57	1.75	16	nan	nan	0	0.35	0.20	16	0.22	0.23	16	7.34	4.04	16	0.03	0.02	16	0.48	0.27	3	0.18	0.11	16	19.31	1.74	16	19.31	1.74	16	2.78	1.90	16	7.17	2.01	3
BY2 ARKONA	BPSA03	05	8.56	1.59	12	7.56	0.29	12	4.21	1.40	29	109.19	2.49	12	nan	nan	0	0.26	0.15	12	0.13	0.01	12	7.44	2.44	12	0.03	0.01	12	nan	nan	1	0.15	0.10	12	19.72	1.93	12	19.72	1.93	12	2.03	1.06	12	6.00	1.41	3
BY2 ARKONA	BPSA03	06	13.32	2.24	16	7.55	0.28	15	4.07	1.32	29	108.03	4.19	16	nan	nan	0	0.18	0.11	16	0.15	0.05	16	8.08	1.96	16	0.03	0.01	16	0.12	0.03	3	0.13	0.07	16	20.70	2.35	16	20.70	2.35	16	2.03	0.73	16	6.33	1.25	3
BY2 ARKONA	BPSA03	07	17.38	1.94	19	7.56	0.23	19	2.97	0.97	29	107.49	3.13	19	nan	nan	0	0.17	0.10	19	0.14	0.04	19	8.78	2.43	19	0.03	0.02	19	nan	nan	1	0.13	0.08	19	21.48	1.86	19	21.48	1.86	19	2.45	0.95	19	nan	nan	2
BY2 ARKONA	BPSA03	08	18.39	1.31	18	7.67	0.35	18	2.09	0.85	36	101.80	3.55	18	nan	nan	0	0.18	0.10	18	0.13	0.01	18	9.07	1.90	18	0.03	0.01	18	nan	nan	1	0.21	0.22	17	20.75	1.27	18	20.75	1.27	18	2.13	0.75	18	5.50	0.87	4
BY2 ARKONA	BPSA03	09	15.86	1.34	14	7.69	0.28	14	1.89	1.05	30	99.86	1.94	14	nan	nan	0	0.25	0.10	14	0.15	0.05	14	10.03	1.79	14	0.03	0.02	14	0.10	0.00	3	0.15	0.08	14	20.46	1.18	14	20.46	1.18	14	2.18	0.43	14	nan	nan	1
BY2 ARKONA	BPSA03	10	12.26	1.26	14	7.67	0.27	14	3.27	1.35	27	98.44	1.82	14	nan	nan	0	0.34	0.13	14	0.23	0.10	14	9.74	1.85	14	0.06	0.03	14	0.13	0.03	10	0.23	0.11	14	19.29	1.25	14	19.29	1.25	14	2.33	0.69	14	7.50	1.12	4
BY2 ARKONA	BPSA03	11	9.81	1.14	13	8.01	0.51	12	4.04	1.26	33	98.44	1.13	15	nan	nan	0	0.38	0.15	15	0.84	0.41	15	8.19	3.13	15	0.21	0.10	15	0.42	0.27	15	0.24	0.19	13	19.24	0.96	15	19.24	0.96	15	3.13	1.03	15	7.50	1.10	5
BY2 ARKONA	BPSA03	12	6.69	0.90	15	8.09	0.55	15	4.70	1.64	26	98.36	1.36	15	nan	nan	0	0.54	0.12	15	2.23	0.77	15	9.76	3.14	15	0.36	0.17	15	1.50	0.75	15	0.27	0.17	14	19.37	4.40	15	19.37	4.40	15	1.71	0.58	15	nan	nan	2
BY4 CHRISTIANSÖ	BPSB06	01	4.02	1.24	12	7.41	0.33	12	1.78	2.09	31	97.96	0.49	12	nan	nan	0	0.66	0.15	12	2.75	0.58	12	12.24	2.27	12	0.16	0.13	12	2.42	0.58	12	0.20	0.16	12	19.68	0.54	11	19.68	0.54	11	0.79	0.31	7	nan	nan	2
BY4 CHRISTIANSÖ	BPSB06	02	3.00	0.84	10	7.55	0.32	10	2.70	2.07	18	99.07	1.02	10	nan	nan	0	0.67	0.08	10	3.23	0.49	10	12.31	1.52	10	0.09	0.04	10	3.04	0.44	10	0.17	0.06	10	20.13	1.11	10	20.13	1.11	10	0.92	0.46	6	11.00	0.63	5
BY4 CHRISTIANSÖ	BPSB06	03	2.76	1.08	15	7.58	0.28	15	2.20	2.17	31	101.48	2.87	16	nan	nan	0	0.65	0.19	16	2.28	0.96	16	12.88	2.82	16	0.11	0.04	16	2.18	0.76	15	0.16	0.08	15	20.45	1.31	16	20.45	1.31	16	1.91	1.03	11	11.10	1.50	5
BY4 CHRISTIANSÖ	BPSB06	04	4.23	1.44	15	7.50	0.18	15	1.52	1.67	25	109.14	4.35	15	nan	nan	0	0.45	0.19	15	0.45	0.82	15	11.17	3.37	15	0.04	0.05	15	1.45	1.06	3	0.16	0.09	15	20.11	1.82	15	20.11	1.82	15	2.91	1.20	9	9.40	1.74	5
BY4 CHRISTIANSÖ	BPSB06	05	7.43	1.50	12	7.45	0.20	12	0.65	1.28	26	110.68	3.29	12	nan	nan	0	0.32	0.13	12	0.13	0.01	12	10.03	2.81	12	0.02	0.01	12	nan	nan	0	0.18	0.13	11	18.40	3.96	12	18.40	3.96	12	2.40	1.74	8	6.12	1.52	4
BY4 CHRISTIANSÖ	BPSB06	06	12.73	2.04	16	7.37	0.24	16	0.55	1.27	27	109.13	4.07	16	nan	nan	0	0.23	0.11	16	0.15	0.05	16	9.00	2.83	16	0.03	0.01	16	0.13	0.03	4	0.13	0.06	16	19.82	1.89	16	19.82	1.89	16	1.96	0.81	11	7.00	1.43	10
BY4 CHRISTIANSÖ	BPSB06	07	17.12	1.85	19	7.36	0.20	19	0.01	1.18	27	107.00	3.86	19	nan	nan	0	0.17	0.10	19	0.14	0.04	19	9.14	2.40	19	0.03	0.01	19	0.10	0.00	3	0.15	0.11	19	21.19	1.69	19	21.19	1.69	19	2.40	0.75	12	6.31	1.15	13
BY4 CHRISTIANSÖ	BPSB06	08	18.42	1.51	18	7.34	0.17	18	-0.09	1.45	35	101.72	2.80	18	nan	nan	0	0.15	0.09	18	0.13	0.01	18	8.41	1.87	18	0.03	0.01	18	nan	nan	0	0.18	0.12	17	21.07	1.38	18	21.07	1.38	18	1.91	0.61	14	7.81	1.69	8
BY4 CHRISTIANSÖ	BPSB06	09	16.02	1.05	14	7.38	0.22	14	0.02	1.12	26	99.48	1.41	14	nan	nan	0	0.20	0.10	14	0.15	0.06	14	9.36	1.86	14	0.03	0.01	14	0.11	0.02	3	0.16	0.10	14	20.37	1.69	14	20.37	1.69	14	2.11	0.40	11	7.17	1.22	9
BY4 CHRISTIANSÖ	BPSB06	10	11.98	1.81	15	7.36	0.21	15	0.23	1.28	28	97.94	2.42	15	nan	nan	0	0.33	0.17	14	0.21	0.11	14	9.36	2.29	14	0.05	0.03	14	0.14	0.07	9	0.25	0.15	14	19.96	1.93	14	19.96	1.93	14	2.19	0.74	11	8.25	2.17	4
BY4 CHRISTIANSÖ	BPSB06	11	9.26	1.07	16	7.41	0.21	16	0.44	1.45	35	97.48	1.34	17	nan	nan	0	0.40	0.14	15	0.85	0.60	15	8.09	2.90	15	0.23	0.12	15	0.39	0.39	15	0.17	0.11	13	19.15	0.57	15	19.15	0.57	15	3.20	1.28	11	9.67	0.47	3
BY4 CHRISTIANSÖ	BPSB06	12	6.47	1.14	15	7.38	0.34	15	0.79	1.17	23	97.10	1.41	15	nan	nan	0	0.56	0.14	15	1.81	0.49	15	10.74	3.17	15	0.24	0.10	15	1.33	0.53	15	0.28	0.24	14	19.67	1.43	15	19.67	1.43	15	1.69	0.80	11	nan	nan	2
BY5 BORNHOLMSDJ	BPSB07	01	4.12	1.12	12	7.46	0.31	12	1.40	1.63	33	97.71	0.57	12	nan	nan	0	0.70	0.15	12	2.81	0.56	12	12.44	1.94	12	0.18	0.16	12	2.45	0.54	12	0.20	0.14	12	19.40	1.17	12	19.40	1.17	12	0.86	0.48	12	nan	nan	0
BY5 BORNHOLMSDJ	BPSB07	02	3.01	0.78	10	7.53	0.25	10	1.87	1.48	19	98.53	1.16	10	nan	nan	0	0.68	0.09	10	3.15	0.41	10	12.48	1.55	10	0.08	0.02	10	2.99	0.39	10	0.15	0.05	10	20.19	0.78	10	20.19	0.78	10	0.95	0.56	10	10.60	1.02	5
BY5 BORNHOLMSDJ	BPSB07	03	2.80	1.04	14	7.56	0.25	14	1.91	1.83	33	100.81	1.84	16	nan	nan	0	0.68	0.15	16	2.37	0.82	16	13.26	1.92	16	0.12	0.04	16	2.14	0.79	16	0.18	0.09	14	20.56	1.57	16	20.56	1.57	16	2.27	1.85	16	10.07	2.81	7
BY5 BORNHOLMSDJ	BPSB07	04	4.13	1.40	15	7.47	0.21	15	1.61	1.66	27	108.92	4.67	15	nan	nan	0	0.47	0.16	15	0.41	0.76	15	11.19	2.85	15	0.04	0.04	15	0.98	1.07	4	0.18	0.09	15	19.21	3.80	15	19.21	3.80	15	3.59	1.53	15	8.92	1.98	13
BY5 BORNHOLMSDJ	BPSB07	05	7.54	1.49	12	7.43	0.19	12	0.89	1.42	28	112.85	3.14	12	nan	nan	0	0.29	0.13	12	0.12	0.01	12	9.87	2.79	12	0.02	0.00	12	nan	nan	1	0.14	0.07	12	19.98	1.54	12	19.98	1.54	12	3.02	1.83	12	7.94	1.64	9
BY5 BORNHOLMSDJ	BPSB07	06	12.81	1.96	16	7.38	0.21	16	0.61	1.48	28	108.83	4.47	16	nan	nan	0	0.23	0.11	16	0.15	0.05	16	8.96	2.91	16	0.03	0.01	16	0.12	0.03	3	0.13	0.05	16	19.46	1.67	16	19.46	1.67	16	2.06	0.74	16	7.63	1.54	15
BY5 BORNHOLMSDJ	BPSB07	07	17.53	1.73	19	7.35	0.18	19	0.27	0.81	29	108.02	2.95	19	nan	nan	0	0.16	0.09	19	0.15	0.05	19	9.14	2.49	19	0.04	0.01	19	0.10	0.00	3	0.15	0.07	19	21.30	1.83	19	21.30	1.83	19	2.49	0.86	19	5.71	1.51	17
BY5 BORNHOLMSDJ	BPSB07	08	18.39	1.25	18	7.34	0.19	18	0.11	1.28	36	101.74	2.60	18	nan	nan	0	0.15	0.09	18	0.13	0.01	18	8.42	1.77	18	0.03	0.01	18	nan	nan	1	0.17	0.08	17	20.71	1.44	18	20.71	1.44	18	2.02	0.66	18	7.23	1.07	11
BY5 BORNHOLMSDJ	BPSB07	09	16.02	1.25	14	7.37	0.20	14	-0.01	1.10	28	99.65	1.48	14	nan	nan	0	0.21	0.11	14	0.14	0.05	14	9.20	1.87	14	0.03	0.01	14	nan	nan	2	0.19	0.11	14	19.77	0.95	14	19.77	0.95	14	2.06	0.52	14	6.95	0.72	10
BY5 BORNHOLMSDJ	BPSB07	10	12.77	1.03	14	7.34	0.18	14	-0.17	1.15	25	98.40	1.39	14	nan	nan	0	0.27	0.11	14	0.20	0.09	14	8.49	1.82	14	0.05	0.02	14	0.13	0.04	8	0.22	0.09	14	19.62	1.12	14	19.62	1.12	14	2.57	0.55	14	7.83	0.69	6
BY5 BORNHOLMSDJ	BPSB07	11	9.37	1.06	15	7.42	0.20	15	0.12	1.00	35	97.91	1.69	16	nan	nan	0	0.36	0.15	15	0.71	0.57	15	7.51	3.34	15	0.17	0.08	15	0.36	0.45	15	0.17	0.11	13	18.97	0.61	15	18.97	0.61	15	3.32	1.38	15	nan	nan	2
BY5 BORNHOLMSDJ	BPSB07	12	6.71	0.93	15	7.45	0.22	15	0.61	1.14	24	97.27	1.66	15	nan	nan	0	0.56	0.14	15	1.86	0.52	15	10.25	2.97	15	0.22	0.14	15	1.41	0.58	15	0.25	0.17	13	20.04	1.71	15	20.04	1.71	15	1.66	0.80	15	9.60	1.02	5
BY10	BPEX13	01	4.33	0.77	12	7.24	0.13	12	-0.60	1.23	32	96.67	1.20	13	nan	nan	0	0.62	0.12	13	2.86	0.51	13	11.31	2.37	13	0.15	0.12	13	2.56	0.56	13	0.27	0.25	13	20.01	0.96	13	20.01	0.96	13	0.52	0.37	13	nan	nan	2
BY10	BPEX13	02	2.74	0.84	8	7.27	0.10	8	-0.31	1.50	18	97.62	1.21	8	nan	nan	0	0.72	0.08	8	3.26	0.37	8	13.11	1.60	8	0.08	0.04	8	3.10	0.37	8	0.17	0.05	8	20.53	1.11	8	20.53	1.11	8	0.67	0.51	8	nan	nan	2
BY10	BPEX13	03	2.70	0.89	15	7.28	0.11	15	-0.20	1.68	31	99.31	1.41	16	nan	nan	0	0.66	0.07	16	3.19	0.43	16	12.04	1.19	16	0.10	0.03	16	2.98	0.41	16	0.18	0.08	15	21.01	2.02	16	21.01	2.02	16	1.04	0.72	16	14.33	2.75	6
BY10	BPEX13	04	3.61	1.16	15	7.26	0.12	15	-0.33	1.68	26	107.56	4.51	15	nan	nan	0	0.43	0.18	15	0.91	1.19	15	10.95	2.57	15	0.06	0.06	15	1.59	1.15	7	0.14	0.07	15	21.08	2.72	15	21.08	2.72	15	4.18	4.18	15	nan	nan	2
BY10	BPEX13	05	7.27	1.96	11	7.24	0.14	8	0.16	2.19	26	114.58	3.50	11	nan	nan	0	0.18	0.09	11	0.13	0.03	11	9.58	2.63	11	0.02	0.00	11	0.20	0.14	3	0.15	0.08	11	21.29	2.31	11	21.29	2.31	11	3.09	1.53	11	nan	nan	1
BY10	BPEX13	06	12.53	2.29	15	7.16	0.12	14	-0.18	1.73	27	113.58	7.34	15	nan	nan	0	0.10	0.06	15	0.14	0.05	15	8.68	2.07	15	0.03	0.01	15	nan	nan	2	0.12	0.07	15	20.63	3.48	15	20.63	3.48	15	3.28	2.47	15	6.83	0.37	6
BY10	BPEX13	07	17.36	2.08	19	7.10	0.16	19	-0.32	1.60	28	111.12	4.27	19	nan	nan	0	0.09	0.05	19	0.15	0.05	19	8.38	2.13	19	0.04	0.02	19	0.10	0.00	3	0.14	0.13	19	23.83	2.49	19	23.83	2.49	19	3.31	0.83	19	nan	nan	2
BY10	BPEX13	08	18.46	1.32	19	6.97	0.19	19	-1.11	1.59	35	103.87	4.17	19	nan	nan	0	0.07	0.03	19	0.14	0.02	19	7.18	1.65	19	0.03	0.02	19	nan	nan	2	0.15	0.08	19	21.91	2.38	19	21.91	2.38	19	2.25	0.54	19	6.71	0.52	7
BY10	BPEX13	09	15.77	1.41	13	6.93	0.23	13	-0.45	1.61	23	99.62	1.55	13	nan	nan	0	0.10	0.04	13	0.16	0.06	13	8.17	1.97	13	0.03	0.01	13	0.11	0.02	4	0.18	0.10	13	20.73	0.97	13	20.73	0.97	13	2.16	0.65	13	6.50	0.46	7
BY10	BPEX13	10	12.05	1.26	13	6.96	0.20	13	-0.75	1.77	23	98.00	1.41	13	nan	nan	0	0.19	0.08	13	0.30	0.23	13	7.85	2.20	13	0.07	0.05	13	0.21	0.13	8	0.28	0.15	13	20.06	0.85	13	20.06	0.85	13	2.49	0.43	13	8.00	0.82	3
BY10	BPEX13	11	8.98	0.97	13	7.07	0.14	13	-1.27	1.64	30	97.13	1.14	13	nan	nan	0	0.27	0.08	13	0.92	0.40	13	7.19	2.59	13	0.22	0.10	13	0.48	0.36	13	0.29	0.23	12	20.05	1.40	13	20.05	1.40	13	2.81	1.46	13	7.62	0.41	4
BY10	BPEX13	12	6.44	0.89	14	7.14	0.11	14	-0.85	1.41	23	96.56	1.32	14	nan	nan	0	0.43	0.10	14	1.77	0.49	14	9.06	2.30	14	0.22	0.11	14	1.33	0.61	14	0.40	0.31	14	19.92	1.43	14	19.92	1.43	14	1.04	0.51	14	nan	nan	1
BY15 GOTLANDSDJ	BPEX21	01	4.37	0.87	12	7.25	0.14	12	-2.12	2.00	30	96.26	1.07	12	nan	nan	0	0.61	0.12	12	3.02	0.42	12	11.12	2.10	12	0.14	0.11	12	2.74	0.42	12	0.20	0.14	12	19.68	0.83	12	19.68	0.83	12	0.49	0.26	12	nan	nan	0
BY15 GOTLANDSDJ	BPEX21	02	2.73	0.92	9	7.23	0.16	9	-1.84	2.30	18	97.82	1.25	9	nan	nan	0	0.69	0.08	9	3.34	0.35	9	12.19	1.29	9	0.08	0.03	9	3.18	0.33	9	0.17	0.04	9	20.41	1.05	9	20.41	1.05	9	0.60	0.16	9	nan	nan	2
BY15 GOTLANDSDJ	BPEX21	03	2.57	0.92	15	7.25	0.14	15	-1.86	2.40	36	99.28	1.33	16	nan	nan	0	0.64	0.06	16	3.19	0.57	16	11.90	1.19	16	0.11	0.03	16	2.96	0.56	16	0.17	0.07	15	20.74	1.12	16	20.74	1.12	16	1.42	1.51	16	12.75	3.56	4
BY15 GOTLANDSDJ	BPEX21	04	3.53	1.23	15	7.25	0.13	15	-1.68	2.01	25	108.13	5.03	15	nan	nan	0	0.42	0.16	15	0.86	1.15	15	10.95	2.16	15	0.05	0.05	15	1.61	1.19	6	0.15	0.08	15	21.24	1.48	15	21.24	1.48	15	4.91	2.42	15	8.38	1.58	8
BY15 GOTLANDSDJ	BPEX21	05	6.99	1.98	11	7.15	0.11	11	-2.10	2.45	24	114.14	3.55	11	nan	nan	0	0.17	0.09	11	0.13	0.01	11	9.08	2.00	11	0.02	0.00	11	nan	nan	2	0.14	0.06	11	21.35	2.82	11	21.35	2.82	11	3.26	1.41	11	7.33	2.62	3
BY15 GOTLANDSDJ	BPEX21	06	11.89	1.88	14	7.07	0.17	14	-2.40	2.72	23	112.52	4.57	14	nan	nan	0	0.10	0.05	14	0.15	0.05	14	8.36	1.95	14	0.03	0.02	14	0.11	0.02	3	0.11	0.06	14	21.31	1.90	14	21.31	1.90	14	3.27	1.73	14	6.54	1.63	12
BY15 GOTLANDSDJ	BPEX21	07	17.30	1.75	20	6.89	0.18	20	-2.57	3.00	31	111.36	5.12	20	nan	nan	0	0.07	0.02	20	0.15	0.04	20	7.73	1.74	20	0.04	0.01	20	0.10	0.00	3	0.12	0.07	20	23.55	1.89	20	23.55	1.89	20	3.50	1.05	20	5.07	1.12	14
BY15 GOTLANDSDJ	BPEX21	08	18.73	1.38	18	6.72	0.25	18	-3.11	2.58	33	103.23	4.63	18	nan	nan	0	0.06	0.01	18	0.17	0.12	18	6.93	1.74	18	0.04	0.01	18	0.11	0.02	3	0.17	0.09	18	23.16	2.00	18	23.16	2.00	18	2.69	0.55	18	6.27	1.05	11
BY15 GOTLANDSDJ	BPEX21	09	15.53	1.44	14	6.83	0.22	14	-2.69	2.26	28	99.48	2.06	14	nan	nan	0	0.08	0.03	14	0.15	0.05	14	7.89	1.48	14	0.03	0.01	14	nan	nan	1	0.16	0.07	14	21.02	1.16	14	21.02	1.16	14	2.42	0.56	14	6.73	0.75	11
BY15 GOTLANDSDJ	BPEX21	10	12.21	1.30	13	6.89	0.21	13	-2.45	2.30	23	97.66	0.97	13	nan	nan	0	0.16	0.05	13	0.29	0.14	13	7.83	2.09	13	0.07	0.03	13	0.19	0.08	8	0.30	0.17	13	20.22	1.23	13	20.22	1.23	13	2.71	0.32	13	8.50	1.50	4
BY15 GOTLANDSDJ	BPEX21	11	8.67	1.16	14	6.96	0.16	14	-2.71	2.25	32	97.44	1.27	14	nan	nan	0	0.26	0.08	14	0.93	0.54	14	7.77	2.75	14	0.20	0.10	14	0.55	0.44	13	0.27	0.21	13	19.55	0.84	14	19.55	0.84	14	2.98	1.58	14	8.80	1.60	5
BY15 GOTLANDSDJ	BPEX21	12	6.61	0.82	14	7.09	0.15	14	-2.74	2.12	23	96.19	0.87	13	nan	nan	0	0.43	0.10	13	2.08	0.58	13	9.09	2.28	13	0.20	0.11	13	1.67	0.68	13	0.30	0.24	13	20.39	1.48	13	20.39	1.48	13	1.12	0.42	13	10.33	0.94	3
BY20 FÅRÖDJ	BPEX26	01	4.07	1.23	12	7.02	0.13	12	-1.33	1.05	32	96.23	1.50	12	nan	nan	0	0.61	0.10	12	3.31	0.41	12	11.82	1.89	12	0.11	0.05	12	3.09	0.47	12	0.21	0.19	12	20.25	1.02	12	20.25	1.02	12	0.42	0.34	12	nan	nan	0
BY20 FÅRÖDJ	BPEX26	02	2.57	0.98	11	7.02	0.17	11	-1.39	1.35	19	97.65	0.78	11	nan	nan	0	0.67	0.05	11	3.62	0.35	11	12.75	1.07	11	0.09	0.03	11	3.44	0.34	11	0.21	0.15	11	20.46	1.04	11	20.46	1.04	11	0.40	0.21	11	nan	nan	2
BY20 FÅRÖDJ	BPEX26	03	2.37	1.00	17	7.04	0.11	17	-1.31	1.23	31	99.22	1.83	17	nan	nan	0	0.63	0.09	17	3.64	0.48	17	12.30	1.59	17	0.11	0.02	17	3.42	0.47	17	0.16	0.05	17	21.56	1.78	17	21.56	1.78	17	0.84	0.59	17	13.10	2.20	5
BY20 FÅRÖDJ	BPEX26	04	3.27	1.20	16	6.97	0.19	16	-1.34	1.24	28	108.96	4.96	16	nan	nan	0	0.40	0.14	16	0.90	1.23	16	10.49	2.39	16	0.06	0.06	16	1.69	1.21	7	0.15	0.06	16	20.73	1.93	16	20.73	1.93	16	4.11	1.86	16	8.25	1.77	12
BY20 FÅRÖDJ	BPEX26	05	6.63	1.64	12	6.83	0.15	12	-1.65	1.32	25	111.73	3.35	12	nan	nan	0	0.19	0.10	12	0.13	0.01	12	9.23	2.09	12	0.02	0.00	12	nan	nan	2	0.12	0.06	12	19.95	1.10	12	19.95	1.10	12	2.41	0.50	12	7.95	0.69	11
BY20 FÅRÖDJ	BPEX26	06	11.77	1.81	14	6.69	0.20	14	-1.79	1.24	27	112.10	5.11	14	nan	nan	0	0.11	0.05	14	0.15	0.05	14	8.47	2.13	14	0.04	0.01	14	0.10	0.00	5	0.13	0.06	14	20.89	1.62	14	20.89	1.62	14	2.58	0.90	14	6.23	1.23	11
BY20 FÅRÖDJ	BPEX26	07	16.93	1.74	20	6.53	0.27	20	-2.02	1.43	29	111.63	5.20	20	nan	nan	0	0.08	0.02	20	0.15	0.05	20	8.23	1.92	20	0.04	0.01	20	0.10	0.00	3	0.13	0.11	20	23.95	2.42	20	23.95	2.42	20	3.62	1.07	20	5.03	1.03	19
BY20 FÅRÖDJ	BPEX26	08	18.47	1.31	18	6.48	0.24	18	-2.13	1.27	33	102.74	4.99	18	nan	nan	0	0.07	0.01	18	0.14	0.02	18	7.44	2.25	18	0.04	0.01	18	0.10	0.00	3	0.17	0.08	18	22.54	1.84	18	22.54	1.84	18	2.68	0.55	18	6.19	0.70	8
BY20 FÅRÖDJ	BPEX26	09	15.37	1.45	14	6.45	0.14	14	-1.92	1.35	25	100.10	2.62	14	nan	nan	0	0.08	0.02	14	0.16	0.06	14	7.83	1.66	14	0.03	0.01	14	0.12	0.03	3	0.18	0.12	14	20.74	1.40	14	20.74	1.40	14	2.37	0.66	14	6.00	0.76	7
BY20 FÅRÖDJ	BPEX26	10	11.65	1.30	13	6.65	0.18	13	-1.83	1.27	25	97.85	1.80	13	nan	nan	0	0.15	0.05	13	0.27	0.19	13	7.97	1.70	13	0.06	0.04	13	0.23	0.13	6	0.27	0.12	13	20.17	1.26	13	20.17	1.26	13	2.52	0.33	13	7.33	0.47	3
BY20 FÅRÖDJ	BPEX26	11	8.51	1.15	15	6.77	0.15	15	-1.94	1.27	34	97.29	1.23	15	nan	nan	0	0.28	0.06	15	1.12	0.46	15	8.40	2.00	15	0.26	0.09	15	0.65	0.33	14	0.38	0.27	14	19.46	1.11	15	19.46	1.11	15	2.10	0.82	15	9.33	1.25	3
BY20 FÅRÖDJ	BPEX26	12	6.42	0.87	15	6.85	0.18	14	-1.55	1.43	27	96.79	1.44	15	nan	nan	0	0.41	0.07	15	2.05	0.58	15	9.77	1.60	15	0.18	0.09	15	1.68	0.64	15	0.41	0.33	14	20.12	1.28	15	20.12	1.28	15	0.95	0.34	15	nan	nan	0
BY29 / LL19	BPNX35	01	4.31	1.21	11	6.97	0.18	11	-0.29	0.63	27	96.82	0.85	11	nan	nan	0	0.62	0.11	11	3.83	0.41	11	11.88	2.03	11	0.10	0.04	11	3.64	0.44	11	0.14	0.07	11	20.85	2.94	11	20.85	2.94	11	0.33	0.20	10	nan	nan	1
BY29 / LL19	BPNX35	02	2.40	1.22	11	6.92	0.18	11	-0.37	0.68	18	97.61	1.19	12	nan	nan	0	0.69	0.05	12	4.09	0.61	12	13.35	1.20	12	0.11	0.04	12	3.87	0.62	12	0.21	0.15	12	21.94	1.38	12	21.94	1.38	12	0.29	0.13	11	nan	nan	1
BY29 / LL19	BPNX35	03	1.93	1.15	19	6.89	0.21	19	-0.30	0.68	27	100.30	2.44	17	nan	nan	0	0.63	0.09	20	4.20	0.50	20	13.36	1.71	19	0.09	0.01	5	3.69	0.34	5	0.10	0.07	18	21.43	1.08	20	21.43	1.08	20	0.63	0.29	19	nan	nan	1
BY29 / LL19	BPNX35	04	2.62	0.95	15	6.73	0.28	15	-0.01	0.76	21	110.75	5.73	12	nan	nan	0	0.37	0.15	15	0.93	1.18	15	10.24	2.55	14	nan	nan	0	nan	nan	0	0.08	0.04	13	20.96	1.02	15	20.96	1.02	15	4.54	1.72	15	6.67	1.31	3
BY29 / LL19	BPNX35	05	5.64	1.45	15	6.67	0.20	15	-0.39	0.62	22	115.51	5.78	13	nan	nan	0	0.17	0.10	15	0.02	0.00	15	8.90	2.50	15	nan	nan	0	nan	nan	0	0.07	0.03	15	20.63	1.14	15	20.63	1.14	15	2.35	0.63	14	7.60	0.98	6
BY29 / LL19	BPNX35	06	10.26	1.58	17	6.38	0.20	17	-0.18	0.82	26	112.23	4.39	13	nan	nan	0	0.07	0.05	17	0.02	0.00	17	9.17	2.36	16	nan	nan	0	nan	nan	0	0.06	0.02	16	19.90	0.62	17	19.90	0.62	17	2.04	0.63	17	6.35	1.08	10
BY29 / LL19	BPNX35	07	16.51	1.76	21	6.26	0.29	21	-0.72	0.67	27	114.73	8.19	16	nan	nan	0	0.03	0.01	21	0.02	0.00	21	7.91	2.46	19	nan	nan	0	nan	nan	0	0.08	0.03	19	22.69	2.61	21	22.69	2.61	21	2.94	0.84	21	5.10	0.68	11
BY29 / LL19	BPNX35	08	17.83	1.49	17	6.25	0.24	17	-0.51	0.62	31	105.52	3.86	14	nan	nan	0	0.02	0.01	18	0.02	0.00	18	8.01	2.14	17	nan	nan	0	nan	nan	0	0.08	0.05	16	21.93	0.90	18	21.93	0.90	18	2.28	0.49	17	5.52	0.48	5
BY29 / LL19	BPNX35	09	14.48	1.42	17	6.38	0.28	17	-0.63	0.73	25	101.77	3.61	14	nan	nan	0	0.04	0.02	16	0.04	0.04	16	7.77	1.32	15	nan	nan	1	nan	nan	0	0.10	0.04	15	20.03	1.31	16	20.03	1.31	16	2.33	0.47	16	nan	nan	2
BY29 / LL19	BPNX35	10	12.82	2.37	5	6.39	0.22	5	-0.32	0.66	14	99.00	1.84	4	nan	nan	0	0.13	0.12	4	0.26	0.26	4	8.98	2.42	4	nan	nan	2	nan	nan	1	0.12	0.08	4	21.07	0.93	4	21.07	0.93	4	2.57	0.53	4	6.33	0.47	3
BY29 / LL19	BPNX35	11	8.40	1.27	14	6.62	0.18	14	-0.68	1.03	29	97.02	1.68	14	nan	nan	0	0.32	0.06	14	1.31	0.43	14	9.91	1.16	14	0.28	0.07	14	0.77	0.37	14	0.49	0.31	13	20.12	1.60	14	20.12	1.60	14	1.94	1.01	14	nan	nan	0
BY29 / LL19	BPNX35	12	6.83	1.05	15	6.83	0.19	15	-0.61	0.69	24	96.56	1.55	15	nan	nan	0	0.46	0.05	15	2.72	0.60	15	10.69	1.34	15	0.21	0.12	15	2.29	0.70	15	0.49	0.38	14	20.74	1.03	15	20.74	1.03	15	0.79	0.23	13	nan	nan	0
BY31 LANDSORTSDJ	BPNX37	01	3.32	1.51	12	6.71	0.30	12	-0.14	0.80	35	96.62	1.41	12	nan	nan	0	0.66	0.13	12	3.50	0.47	12	14.41	1.42	12	0.11	0.05	12	3.28	0.56	12	0.18	0.13	12	20.20	1.03	12	20.20	1.03	12	0.43	0.29	12	10.00	0.82	3
BY31 LANDSORTSDJ	BPNX37	02	2.10	1.14	11	6.73	0.25	11	-0.38	0.98	26	97.64	0.94	12	nan	nan	0	0.73	0.09	12	4.04	0.43	12	15.61	1.36	12	0.10	0.04	12	3.85	0.44	12	0.16	0.06	12	21.27	1.82	12	21.27	1.82	12	0.41	0.13	12	10.17	1.86	6
BY31 LANDSORTSDJ	BPNX37	03	1.74	1.01	35	6.63	0.26	35	-0.39	0.94	59	102.60	3.96	30	nan	nan	0	0.61	0.13	38	3.39	1.11	38	15.47	1.83	36	0.10	0.04	6	3.69	0.45	6	0.08	0.05	34	20.68	0.95	38	20.68	0.95	38	1.48	1.25	38	10.50	3.01	32
BY31 LANDSORTSDJ	BPNX37	04	3.02	1.10	55	6.53	0.22	55	-0.22	0.98	87	111.88	5.10	43	nan	nan	0	0.31	0.13	57	0.40	0.86	57	11.12	2.95	53	nan	nan	0	nan	nan	0	0.07	0.02	49	20.24	1.34	57	20.24	1.34	57	3.71	1.53	57	7.32	1.77	55
BY31 LANDSORTSDJ	BPNX37	05	6.49	1.41	31	6.43	0.29	31	-0.14	0.98	56	115.28	8.94	24	nan	nan	0	0.17	0.11	30	0.02	0.01	30	10.19	2.75	29	nan	nan	0	nan	nan	0	0.07	0.04	29	19.96	1.38	30	19.96	1.38	30	2.45	0.92	29	7.23	1.36	29
BY31 LANDSORTSDJ	BPNX37	06	11.21	1.62	31	6.25	0.33	31	-0.03	0.84	63	111.73	5.40	23	nan	nan	0	0.09	0.07	32	0.02	0.00	32	9.59	2.75	30	nan	nan	0	nan	nan	0	0.06	0.02	30	19.52	1.15	32	19.52	1.15	32	1.92	0.58	32	6.49	0.90	31
BY31 LANDSORTSDJ	BPNX37	07	16.22	2.10	36	6.16	0.28	36	-0.22	0.74	62	113.50	5.97	29	nan	nan	0	0.03	0.02	37	0.02	0.00	37	8.59	2.29	35	nan	nan	0	nan	nan	0	0.07	0.03	35	21.87	2.16	37	21.87	2.16	37	2.70	0.69	37	5.18	0.83	35
BY31 LANDSORTSDJ	BPNX37	08	17.42	2.52	33	6.06	0.25	33	-0.16	0.78	73	106.34	4.55	26	nan	nan	0	0.03	0.02	34	0.02	0.00	34	8.82	1.85	32	nan	nan	0	nan	nan	0	0.07	0.04	31	21.03	1.50	34	21.03	1.50	34	2.21	0.73	33	5.71	1.34	32
BY31 LANDSORTSDJ	BPNX37	09	14.28	2.19	33	6.25	0.24	33	-0.34	0.78	56	102.00	3.85	27	nan	nan	0	0.08	0.10	33	0.05	0.06	33	9.46	2.13	31	0.04	0.01	3	nan	nan	0	0.10	0.09	31	19.88	0.87	33	19.88	0.87	33	2.11	0.67	33	6.42	1.32	28
BY31 LANDSORTSDJ	BPNX37	10	11.79	1.85	23	6.37	0.22	23	-0.22	0.83	46	100.51	3.36	17	nan	nan	0	0.14	0.08	23	0.12	0.13	23	10.02	1.89	22	0.03	0.01	5	nan	nan	0	0.14	0.12	22	19.56	1.13	23	19.56	1.13	23	2.48	1.04	23	7.05	0.98	18
BY31 LANDSORTSDJ	BPNX37	11	7.31	1.06	19	6.65	0.16	19	-0.39	0.90	42	96.56	1.68	18	nan	nan	0	0.39	0.10	17	1.33	0.57	18	11.27	1.62	17	0.26	0.12	17	0.85	0.54	17	0.30	0.21	16	19.04	0.98	18	19.04	0.98	18	1.84	1.09	18	9.17	2.27	6
BY31 LANDSORTSDJ	BPNX37	12	6.24	0.73	11	6.60	0.23	11	-0.34	0.95	26	96.36	1.24	11	nan	nan	0	0.51	0.09	11	2.49	0.81	11	12.54	1.13	11	0.12	0.06	11	2.24	0.84	11	0.29	0.22	11	20.19	1.34	11	20.19	1.34	11	1.13	1.00	11	nan	nan	0
BY32 NORRKÖPINGSDJ	BPWX38	01	3.59	1.28	12	6.80	0.20	12	-0.19	1.04	31	96.57	1.05	12	nan	nan	0	0.66	0.12	12	3.15	0.44	12	13.84	1.37	12	0.14	0.08	12	2.87	0.56	12	0.24	0.21	12	19.78	1.29	12	19.78	1.29	12	0.58	0.69	7	nan	nan	1
BY32 NORRKÖPINGSDJ	BPWX38	02	2.47	0.80	13	6.89	0.17	13	-0.57	0.96	19	97.46	0.82	13	nan	nan	0	0.72	0.10	12	3.66	0.37	12	14.46	1.23	12	0.11	0.07	13	3.42	0.45	12	0.22	0.11	13	20.57	0.96	13	20.57	0.96	13	0.36	0.19	9	13.00	2.94	3
BY32 NORRKÖPINGSDJ	BPWX38	03	2.20	0.92	16	6.83	0.21	16	-0.24	1.16	27	99.49	2.34	17	nan	nan	0	0.66	0.16	17	3.31	0.89	17	14.26	1.73	17	0.10	0.03	17	3.29	0.43	16	0.18	0.08	17	21.14	1.96	17	21.14	1.96	17	0.84	0.68	12	12.12	1.36	8
BY32 NORRKÖPINGSDJ	BPWX38	04	3.16	1.19	15	6.79	0.19	15	-0.27	1.03	27	108.20	5.19	15	nan	nan	0	0.43	0.14	15	0.79	1.14	15	11.88	2.69	15	0.05	0.05	15	1.60	1.18	6	0.15	0.07	15	20.05	1.13	15	20.05	1.13	15	4.34	2.42	9	9.93	2.37	7
BY32 NORRKÖPINGSDJ	BPWX38	05	6.65	1.62	13	6.72	0.19	13	-0.46	1.14	24	111.51	2.42	13	nan	nan	0	0.24	0.12	13	0.12	0.01	13	10.60	2.43	13	0.02	0.01	13	nan	nan	1	0.14	0.06	13	20.01	1.77	13	20.01	1.77	13	2.39	0.67	8	7.94	1.13	8
BY32 NORRKÖPINGSDJ	BPWX38	06	11.97	1.67	14	6.64	0.23	14	-0.15	1.14	29	110.40	4.05	14	nan	nan	0	0.14	0.07	14	0.14	0.05	14	9.56	2.27	14	0.03	0.01	14	0.11	0.01	3	0.12	0.06	14	20.29	2.02	14	20.29	2.02	14	2.24	0.81	10	6.80	1.17	5
BY32 NORRKÖPINGSDJ	BPWX38	07	16.96	2.23	20	6.50	0.23	18	-0.57	1.00	29	110.24	5.23	20	nan	nan	0	0.08	0.03	20	0.15	0.04	20	8.96	1.91	20	0.04	0.01	20	0.10	0.00	3	0.14	0.07	20	22.87	2.12	20	22.87	2.12	20	2.98	0.80	14	5.21	0.75	12
BY32 NORRKÖPINGSDJ	BPWX38	08	18.22	1.56	18	6.32	0.19	18	-0.21	1.15	36	102.74	3.59	18	nan	nan	0	0.07	0.02	18	0.14	0.01	18	8.26	2.03	18	0.04	0.01	18	nan	nan	2	0.14	0.08	18	21.42	1.47	18	21.42	1.47	18	2.46	0.69	11	6.00	0.87	8
BY32 NORRKÖPINGSDJ	BPWX38	09	15.21	1.63	13	6.36	0.22	13	-0.77	0.83	26	100.57	3.56	13	nan	nan	0	0.09	0.03	13	0.15	0.05	13	8.48	1.26	13	0.03	0.01	13	nan	nan	1	0.15	0.07	13	20.55	1.27	13	20.55	1.27	13	2.47	0.85	11	6.30	1.08	5
BY32 NORRKÖPINGSDJ	BPWX38	10	11.52	1.80	12	6.46	0.19	12	-0.67	1.11	26	98.28	1.49	12	nan	nan	0	0.17	0.07	12	0.24	0.19	12	9.20	1.72	12	0.06	0.05	12	0.18	0.14	5	0.23	0.11	12	19.91	1.45	12	19.91	1.45	12	2.89	1.00	10	nan	nan	2
BY32 NORRKÖPINGSDJ	BPWX38	11	7.53	1.27	19	6.65	0.15	19	-0.49	1.21	35	96.84	1.72	19	nan	nan	0	0.36	0.08	19	1.06	0.53	19	10.79	1.22	19	0.24	0.11	19	0.62	0.44	18	0.32	0.27	17	19.34	1.93	19	19.34	1.93	19	2.21	1.33	14	nan	nan	1
BY32 NORRKÖPINGSDJ	BPWX38	12	6.24	0.85	11	6.74	0.18	11	-0.63	0.96	21	96.49	1.11	11	nan	nan	0	0.45	0.09	11	1.68	0.64	11	11.19	1.72	11	0.23	0.11	11	1.20	0.71	11	0.45	0.36	11	19.23	0.87	11	19.23	0.87	11	1.51	1.04	8	nan	nan	2
BY38 KARLSÖDJ	BPWX45	01	3.70	1.16	11	6.87	0.18	11	0.44	1.28	27	96.48	1.09	11	nan	nan	0	0.69	0.14	11	3.03	0.43	11	14.07	1.73	11	0.15	0.06	11	2.73	0.52	11	0.27	0.20	11	19.61	0.93	11	19.61	0.93	11	0.48	0.44	11	nan	nan	0
BY38 KARLSÖDJ	BPWX45	02	2.48	0.80	13	6.98	0.21	13	-0.42	0.93	20	97.28	1.25	13	nan	nan	0	0.75	0.13	12	3.49	0.33	12	14.72	1.58	12	0.12	0.05	13	3.24	0.36	12	0.21	0.09	13	20.20	1.63	13	20.20	1.63	13	0.46	0.34	13	nan	nan	1
BY38 KARLSÖDJ	BPWX45	03	2.42	0.94	16	6.95	0.18	16	0.39	1.19	33	99.12	1.94	17	nan	nan	0	0.70	0.16	17	3.34	0.51	17	14.45	1.52	17	0.11	0.04	17	3.12	0.54	17	0.20	0.09	17	21.66	1.54	17	21.66	1.54	17	1.13	1.05	17	11.62	0.99	8
BY38 KARLSÖDJ	BPWX45	04	3.35	1.19	15	6.98	0.19	15	0.03	1.29	26	107.39	4.46	15	nan	nan	0	0.50	0.14	15	0.65	0.98	15	13.26	2.38	15	0.05	0.05	15	1.23	1.09	6	0.16	0.10	15	20.06	1.64	15	20.06	1.64	15	4.22	2.31	15	nan	nan	1
BY38 KARLSÖDJ	BPWX45	05	7.07	1.76	13	6.97	0.20	13	-0.37	1.45	25	111.26	3.02	13	nan	nan	0	0.31	0.13	13	0.12	0.00	13	11.86	2.33	13	0.02	0.00	13	nan	nan	1	0.18	0.10	12	20.86	2.54	13	20.86	2.54	13	2.36	1.75	12	8.83	1.43	3
BY38 KARLSÖDJ	BPWX45	06	12.54	1.86	14	6.97	0.22	14	-0.29	1.52	28	108.60	2.80	14	nan	nan	0	0.25	0.13	14	0.14	0.05	14	10.96	2.75	14	0.02	0.01	14	0.10	0.00	3	0.13	0.09	14	19.71	2.00	14	19.71	2.00	14	1.66	0.58	14	7.12	1.14	4
BY38 KARLSÖDJ	BPWX45	07	16.96	1.91	19	6.76	0.25	18	-0.76	1.25	27	108.82	4.62	19	nan	nan	0	0.09	0.04	19	0.15	0.05	19	9.20	1.96	19	0.04	0.02	19	0.10	0.00	3	0.14	0.08	19	22.66	3.11	19	22.66	3.11	19	2.73	0.84	19	5.00	0.71	4
BY38 KARLSÖDJ	BPWX45	08	18.48	1.82	18	6.65	0.31	18	-0.49	1.31	34	102.93	4.01	18	nan	nan	0	0.08	0.03	18	0.13	0.01	18	8.02	1.82	18	0.03	0.01	18	nan	nan	1	0.22	0.25	18	21.65	1.76	18	21.65	1.76	18	2.15	0.69	17	6.00	0.63	5
BY38 KARLSÖDJ	BPWX45	09	15.51	1.48	13	6.62	0.24	13	-0.88	1.19	26	100.35	2.21	13	nan	nan	0	0.10	0.04	13	0.14	0.05	13	8.94	1.22	13	0.03	0.01	13	nan	nan	1	0.20	0.15	13	20.63	1.63	13	20.63	1.63	13	2.38	0.76	13	6.25	0.69	6
BY38 KARLSÖDJ	BPWX45	10	10.84	1.84	13	6.69	0.27	13	-0.66	1.54	27	97.92	1.84	13	nan	nan	0	0.24	0.09	13	0.22	0.11	13	9.87	1.78	13	0.06	0.04	13	0.11	0.03	8	0.19	0.13	13	19.67	1.48	13	19.67	1.48	13	2.58	0.78	13	7.25	0.56	4
BY38 KARLSÖDJ	BPWX45	11	7.59	1.40	17	6.75	0.15	17	-0.30	1.41	34	97.17	1.69	18	nan	nan	0	0.36	0.11	18	0.86	0.53	18	10.44	2.15	18	0.20	0.10	18	0.51	0.40	16	0.29	0.28	17	19.02	0.82	18	19.02	0.82	18	2.41	1.25	18	8.75	0.83	4
BY38 KARLSÖDJ	BPWX45	12	6.21	0.85	12	6.81	0.15	12	-0.46	1.16	23	96.72	1.06	12	nan	nan	0	0.47	0.10	12	1.36	0.49	12	10.94	1.83	12	0.22	0.09	12	0.90	0.49	12	0.45	0.36	11	20.12	1.14	12	20.12	1.14	12	1.50	0.99	12	9.50	1.12	4
FLADEN	KANX25	01	3.70	1.87	18	25.49	3.61	18	6.22	0.50	28	98.35	1.07	18	nan	nan	0	0.63	0.13	18	6.91	2.74	18	10.45	2.75	18	0.35	0.43	18	6.22	2.16	18	0.51	0.35	18	20.12	2.36	18	20.12	2.36	18	1.18	1.47	18	6.67	0.94	3
FLADEN	KANX25	02	2.44	1.13	23	23.49	3.26	23	6.39	0.40	37	100.56	2.42	24	nan	nan	0	0.50	0.17	24	5.93	2.75	24	8.28	3.81	24	0.26	0.16	24	5.89	2.10	24	0.22	0.16	23	20.10	2.97	24	20.10	2.97	24	2.77	2.65	23	nan	nan	1
FLADEN	KANX25	03	3.41	1.46	14	23.64	3.26	14	6.40	0.29	23	104.04	3.98	15	nan	nan	0	0.15	0.08	15	1.53	1.77	15	2.02	1.66	15	0.07	0.06	15	2.32	2.11	14	0.26	0.20	14	17.07	2.30	15	17.07	2.30	15	3.84	2.78	15	6.42	2.71	6
FLADEN	KANX25	04	5.98	1.57	16	22.31	3.15	16	6.14	0.29	28	105.04	3.25	16	nan	nan	0	0.09	0.04	16	1.09	1.76	16	1.56	1.39	16	0.05	0.04	16	2.49	2.02	10	0.27	0.19	16	16.82	2.64	16	16.82	2.64	16	2.77	2.05	16	7.50	2.29	4
FLADEN	KANX25	05	10.15	1.29	12	21.74	2.65	12	5.82	0.26	25	104.32	3.11	12	nan	nan	0	0.07	0.04	12	0.51	0.43	12	1.49	1.29	12	0.04	0.02	12	1.27	0.58	7	0.15	0.07	12	15.91	1.49	12	15.91	1.49	12	1.54	0.70	12	8.62	2.63	4
FLADEN	KANX25	06	14.92	1.51	18	22.14	2.93	18	5.37	0.47	26	105.22	3.60	17	nan	nan	0	0.05	0.02	17	0.44	1.15	17	1.08	1.19	17	0.03	0.03	17	1.12	1.81	5	0.12	0.06	17	15.50	2.81	17	15.50	2.81	17	1.64	0.60	17	8.21	2.14	7
FLADEN	KANX25	07	17.79	1.21	19	22.42	2.68	19	4.65	0.38	27	104.14	2.74	19	nan	nan	0	0.06	0.03	19	0.14	0.05	19	0.49	0.41	19	0.02	0.01	19	nan	nan	2	0.16	0.08	18	15.24	3.34	19	15.24	3.34	19	1.22	0.53	19	8.50	1.94	8
FLADEN	KANX25	08	18.59	1.09	17	22.29	2.45	17	4.23	0.37	31	101.74	2.91	18	nan	nan	0	0.07	0.05	18	0.14	0.07	18	1.26	0.96	18	0.02	0.00	18	nan	nan	1	0.17	0.09	17	15.73	2.25	18	15.73	2.25	18	1.16	0.43	18	7.60	1.02	5
FLADEN	KANX25	09	16.37	0.96	28	24.08	2.58	28	3.97	0.58	48	99.51	2.01	28	nan	nan	0	0.08	0.03	28	0.15	0.06	28	1.80	0.98	28	0.03	0.02	28	0.14	0.08	8	0.20	0.13	28	15.23	1.35	28	15.23	1.35	28	1.45	0.50	28	7.79	1.11	12
FLADEN	KANX25	10	12.45	1.28	14	23.11	3.43	14	4.59	0.40	21	98.74	1.98	14	nan	nan	0	0.17	0.05	14	0.30	0.28	14	3.05	1.82	14	0.07	0.07	14	0.36	0.32	6	0.19	0.12	14	15.04	1.91	14	15.04	1.91	14	1.99	1.16	14	7.50	0.50	4
FLADEN	KANX25	11	9.12	1.45	11	25.64	3.97	11	4.80	0.32	26	98.64	2.93	15	nan	nan	0	0.32	0.13	15	1.51	1.25	15	4.30	3.10	15	0.23	0.24	15	1.20	0.78	13	0.32	0.40	12	14.74	2.01	15	14.74	2.01	15	2.12	1.01	15	nan	nan	2
FLADEN	KANX25	12	6.22	1.74	15	25.05	3.29	15	5.64	0.38	23	98.42	1.37	15	nan	nan	0	0.45	0.09	15	3.57	1.61	15	6.34	2.03	15	0.22	0.15	15	3.31	1.24	14	0.61	0.35	14	16.73	1.47	15	16.73	1.47	15	1.51	1.30	15	nan	nan	0
HANÖBUKTEN	BPSH05	01	4.07	1.32	13	7.54	0.45	13	1.24	1.54	29	97.72	1.03	13	nan	nan	0	0.67	0.12	13	2.94	0.54	13	12.24	2.13	13	0.15	0.12	13	2.65	0.50	12	0.21	0.17	13	20.69	1.00	10	20.69	1.00	10	0.75	0.35	8	nan	nan	2
HANÖBUKTEN	BPSH05	02	2.86	0.84	13	7.47	0.40	13	1.71	1.57	19	98.71	1.21	14	nan	nan	0	0.73	0.17	14	3.30	0.45	14	13.44	2.49	14	0.12	0.04	14	3.06	0.40	14	0.15	0.05	14	20.31	1.06	14	20.31	1.06	14	0.77	0.54	9	11.33	1.25	6
HANÖBUKTEN	BPSH05	03	2.54	1.02	14	7.49	0.27	14	1.59	1.51	26	101.40	3.15	15	nan	nan	0	0.67	0.22	15	2.23	1.17	15	13.53	3.58	15	0.15	0.12	15	2.07	0.93	14	0.18	0.08	14	20.74	1.09	13	20.74	1.09	13	2.03	1.69	11	8.42	2.49	6
HANÖBUKTEN	BPSH05	04	4.36	1.51	16	7.50	0.21	16	1.46	1.66	26	109.56	4.81	16	nan	nan	0	0.45	0.17	16	0.26	0.33	16	10.80	3.55	16	0.03	0.03	16	0.63	0.38	3	0.17	0.08	16	19.76	1.65	14	19.76	1.65	14	4.28	2.59	9	9.19	1.78	8
HANÖBUKTEN	BPSH05	05	8.12	1.65	12	7.48	0.19	12	0.76	1.55	23	110.64	3.68	12	nan	nan	0	0.31	0.12	12	0.13	0.01	12	9.64	2.64	12	0.03	0.01	12	nan	nan	1	0.16	0.11	12	20.56	1.82	10	20.56	1.82	10	2.27	1.27	7	8.44	2.36	9
HANÖBUKTEN	BPSH05	06	13.10	1.73	14	7.38	0.27	14	0.29	1.09	30	109.32	3.25	14	nan	nan	0	0.23	0.12	14	0.14	0.05	14	9.00	2.54	14	0.02	0.00	14	nan	nan	2	0.13	0.06	14	20.06	1.83	12	20.06	1.83	12	1.85	0.62	10	6.45	1.16	11
HANÖBUKTEN	BPSH05	07	16.61	1.73	17	7.35	0.26	16	0.09	1.22	25	106.94	3.10	17	nan	nan	0	0.20	0.10	17	0.15	0.05	17	8.88	2.21	17	0.04	0.02	17	0.10	0.00	4	0.16	0.09	17	20.70	1.39	15	20.70	1.39	15	2.05	0.45	12	6.35	1.13	13
HANÖBUKTEN	BPSH05	08	18.48	1.54	20	7.32	0.21	20	-0.16	1.17	33	103.30	4.31	21	nan	nan	0	0.14	0.09	21	0.13	0.01	21	8.57	2.05	21	0.03	0.01	21	nan	nan	2	0.18	0.08	21	22.15	2.24	19	22.15	2.24	19	2.04	0.63	13	6.20	1.09	15
HANÖBUKTEN	BPSH05	09	15.70	1.41	14	7.44	0.19	14	0.13	0.81	30	100.22	3.84	15	nan	nan	0	0.25	0.12	15	0.14	0.05	15	9.92	1.89	15	0.03	0.01	15	nan	nan	1	0.19	0.11	15	20.40	1.15	14	20.40	1.15	14	1.88	0.56	12	6.86	0.64	7
HANÖBUKTEN	BPSH05	10	11.87	1.70	14	7.39	0.25	14	0.44	0.73	24	98.19	1.08	14	nan	nan	0	0.33	0.14	14	0.20	0.07	14	9.40	2.03	14	0.06	0.02	14	0.11	0.02	9	0.20	0.11	14	19.91	1.99	13	19.91	1.99	13	2.27	0.64	11	7.60	0.80	5
HANÖBUKTEN	BPSH05	11	9.06	1.44	14	7.43	0.21	13	0.47	1.22	35	97.42	1.45	16	nan	nan	0	0.43	0.16	15	0.93	0.62	15	8.89	3.24	15	0.23	0.12	15	0.50	0.40	14	0.19	0.10	14	18.83	0.79	13	18.83	0.79	13	3.28	1.12	11	8.38	1.08	4
HANÖBUKTEN	BPSH05	12	6.64	1.19	15	7.52	0.50	15	0.66	0.97	23	97.31	1.13	15	nan	nan	0	0.56	0.14	15	1.89	0.52	15	10.38	3.43	15	0.25	0.14	15	1.39	0.57	15	0.28	0.25	14	18.79	4.20	14	18.79	4.20	14	1.62	0.81	11	nan	nan	2
N14 FALKENBERG	KANX50	01	2.65	2.27	7	22.43	3.45	7	6.07	0.53	15	101.32	6.92	8	nan	nan	0	0.61	0.11	8	5.89	1.29	8	11.04	3.83	8	0.31	0.14	7	5.12	1.30	7	0.42	0.22	7	21.03	3.35	8	21.03	3.35	8	1.75	2.16	8	nan	nan	2
N14 FALKENBERG	KANX50	02	1.81	1.41	11	19.69	2.50	11	6.20	0.63	22	101.65	3.71	12	nan	nan	0	0.45	0.24	12	4.58	3.08	12	8.43	5.15	12	0.26	0.20	11	4.80	1.99	10	0.22	0.12	11	21.16	3.10	12	21.16	3.10	12	4.70	3.48	11	5.62	2.90	4
N14 FALKENBERG	KANX50	03	3.04	1.79	8	21.65	3.61	8	6.49	0.82	21	103.56	3.18	9	nan	nan	0	0.16	0.10	9	1.41	1.85	9	2.66	2.48	9	0.08	0.08	8	1.93	1.81	6	0.30	0.14	8	17.42	1.36	9	17.42	1.36	9	2.90	1.82	9	7.17	2.39	6
N14 FALKENBERG	KANX50	04	5.79	1.73	8	19.81	1.50	8	6.06	0.62	18	103.96	3.43	9	nan	nan	0	0.08	0.03	9	0.25	0.23	9	2.43	1.87	9	0.02	0.01	8	nan	nan	2	0.23	0.12	8	18.01	3.91	9	18.01	3.91	9	2.14	0.93	9	6.25	1.15	6
N14 FALKENBERG	KANX50	05	10.58	1.54	5	18.40	1.56	5	6.23	0.84	18	107.36	7.43	6	nan	nan	0	0.09	0.04	6	0.14	0.05	6	2.35	1.07	6	0.02	0.00	5	nan	nan	0	0.13	0.09	5	16.38	1.14	6	16.38	1.14	6	1.32	0.97	6	7.62	1.39	4
N14 FALKENBERG	KANX50	06	15.50	1.94	10	18.70	2.50	10	5.79	0.69	23	108.06	6.15	11	nan	nan	0	0.07	0.04	11	0.27	0.46	11	2.26	1.50	11	0.03	0.01	10	nan	nan	1	0.12	0.07	10	15.68	2.25	11	15.68	2.25	11	1.34	0.30	11	7.75	1.85	8
N14 FALKENBERG	KANX50	07	18.53	1.23	10	19.40	2.51	10	5.07	0.68	21	104.45	3.49	11	nan	nan	0	0.05	0.02	11	0.14	0.06	11	0.68	0.86	11	0.02	0.01	10	nan	nan	2	0.16	0.08	10	16.55	3.97	11	16.55	3.97	11	1.11	0.59	11	8.33	1.89	9
N14 FALKENBERG	KANX50	08	18.80	1.03	10	19.34	1.61	10	4.35	0.78	21	103.73	3.58	11	nan	nan	0	0.05	0.02	11	0.13	0.04	11	1.11	0.66	11	0.02	0.00	10	nan	nan	1	0.20	0.09	9	17.01	2.32	11	17.01	2.32	11	1.14	0.50	11	8.50	1.61	5
N14 FALKENBERG	KANX50	09	15.94	0.87	11	21.03	1.86	11	3.79	0.80	25	101.82	4.84	12	nan	nan	0	0.07	0.03	12	0.19	0.17	12	1.53	0.91	12	0.02	0.01	11	nan	nan	2	0.20	0.13	11	17.06	3.73	12	17.06	3.73	12	1.86	1.42	12	7.25	1.94	8
N14 FALKENBERG	KANX50	10	12.15	1.18	9	20.80	2.65	9	4.26	0.93	21	102.07	9.76	10	nan	nan	0	0.17	0.08	10	0.28	0.16	10	3.57	2.23	10	0.04	0.02	9	0.24	0.16	4	0.23	0.17	9	16.35	2.53	10	16.35	2.53	10	2.13	0.92	10	7.30	1.78	5
N14 FALKENBERG	KANX50	11	8.65	0.95	7	22.05	2.68	7	5.03	0.66	22	99.76	2.45	9	nan	nan	0	0.28	0.09	9	0.98	0.64	9	4.76	3.02	9	0.08	0.04	8	0.86	0.33	6	0.31	0.32	6	17.36	5.03	9	17.36	5.03	9	2.50	1.01	9	7.36	1.09	7
N14 FALKENBERG	KANX50	12	5.39	1.86	7	22.38	2.17	7	5.52	0.64	20	100.08	3.75	8	nan	nan	0	0.45	0.09	8	2.99	1.01	8	7.38	2.80	8	0.18	0.04	7	2.71	0.80	7	0.49	0.21	6	20.45	7.37	8	20.45	7.37	8	2.18	1.58	8	nan	nan	2
P2	SKEX23	01	4.21	1.95	16	29.37	3.84	16	6.52	0.51	24	98.73	1.40	16	nan	nan	0	0.61	0.15	16	8.36	3.63	16	8.59	3.62	16	0.68	0.76	16	7.49	2.21	15	0.68	0.68	16	20.00	3.67	16	20.00	3.67	16	1.10	1.28	15	6.88	2.56	4
P2	SKEX23	02	2.62	1.46	17	26.04	3.45	17	6.68	0.37	37	101.91	2.81	19	nan	nan	0	0.45	0.19	19	6.40	4.35	19	6.91	4.43	19	0.23	0.18	19	6.43	3.81	19	0.29	0.26	19	20.24	3.40	19	20.24	3.40	19	4.16	3.55	18	6.00	1.88	12
P2	SKEX23	03	3.82	1.42	14	28.50	3.17	14	6.67	0.36	25	105.19	5.37	14	nan	nan	0	0.24	0.15	14	5.64	4.05	14	3.25	2.54	14	0.21	0.23	14	6.20	3.26	12	0.33	0.28	13	18.10	3.54	14	18.10	3.54	14	3.36	2.78	14	5.40	1.74	5
P2	SKEX23	04	6.14	1.43	15	25.13	4.44	15	6.56	0.31	34	106.17	3.15	16	nan	nan	0	0.09	0.05	16	1.42	1.49	16	0.75	0.65	16	0.08	0.11	16	1.97	1.24	11	0.36	0.29	16	17.63	2.77	16	17.63	2.77	16	2.02	1.24	16	7.38	1.62	12
P2	SKEX23	05	10.23	1.33	13	24.65	4.38	13	6.06	0.43	29	105.46	2.47	13	nan	nan	0	0.06	0.02	13	0.31	0.36	13	0.88	0.58	13	0.03	0.01	13	0.61	0.50	6	0.25	0.19	13	16.06	1.47	13	16.06	1.47	13	1.78	0.88	13	7.27	1.96	11
P2	SKEX23	06	14.19	1.83	15	27.39	3.91	15	5.84	0.28	27	107.64	4.78	16	nan	nan	0	0.06	0.03	16	0.53	1.03	16	0.87	0.67	16	0.05	0.05	16	3.46	4.80	4	0.21	0.20	16	15.12	3.48	16	15.12	3.48	16	1.75	0.88	16	7.73	2.02	11
P2	SKEX23	07	17.45	1.25	17	27.64	3.49	17	5.38	0.38	26	105.78	3.35	18	nan	nan	0	0.05	0.04	18	0.25	0.45	18	0.50	0.39	18	0.03	0.02	18	0.48	0.68	5	0.24	0.13	18	17.49	10.21	18	17.49	10.21	18	1.49	0.99	18	9.15	1.62	17
P2	SKEX23	08	18.17	1.17	19	28.06	3.78	19	5.04	0.39	35	103.85	3.91	19	nan	nan	0	0.08	0.04	19	0.15	0.07	19	1.28	0.86	19	0.02	0.00	19	nan	nan	2	0.20	0.11	19	13.82	2.79	19	13.82	2.79	19	1.86	1.63	19	8.25	1.63	12
P2	SKEX23	09	16.17	1.08	22	29.70	2.79	22	4.95	0.53	38	100.65	2.54	21	nan	nan	0	0.12	0.06	22	0.16	0.14	22	1.67	0.64	22	0.03	0.01	22	0.12	0.02	4	0.25	0.22	22	13.44	2.14	22	13.44	2.14	22	1.63	0.66	21	8.38	1.99	12
P2	SKEX23	10	12.62	1.53	14	28.04	3.38	14	5.10	0.37	23	97.50	2.31	14	nan	nan	0	0.21	0.07	14	0.65	0.49	14	2.94	1.31	14	0.15	0.12	14	0.36	0.28	13	0.43	0.37	14	13.77	1.36	14	13.77	1.36	14	1.92	1.07	14	7.20	1.94	5
P2	SKEX23	11	9.41	1.39	11	28.89	3.79	11	5.51	0.35	27	99.39	2.10	15	nan	nan	0	0.38	0.11	15	2.01	1.02	15	4.10	1.94	15	0.38	0.26	15	1.22	0.56	15	0.80	0.64	13	15.59	2.03	15	15.59	2.03	15	1.78	0.66	15	7.25	1.71	8
P2	SKEX23	12	6.86	2.12	15	28.77	4.11	15	5.90	0.44	27	98.85	1.46	15	nan	nan	0	0.48	0.10	15	4.57	2.01	15	5.96	2.15	15	0.35	0.27	15	3.75	1.54	15	1.05	0.71	14	16.87	3.14	15	16.87	3.14	15	1.25	1.13	15	nan	nan	0
REF M1V1	BPWK01	01	1.92	1.64	13	7.03	0.35	13	8.89	0.43	26	97.95	1.58	14	nan	nan	0	0.74	0.13	14	4.37	0.91	14	17.11	2.36	14	0.36	0.21	14	3.64	0.79	14	0.34	0.43	13	24.11	1.99	14	24.11	1.99	14	1.03	0.66	14	3.70	1.57	12
REF M1V1	BPWK01	02	1.17	1.26	16	7.05	0.34	16	9.12	0.38	27	98.69	2.24	16	nan	nan	0	0.81	0.12	16	5.43	1.01	16	18.28	3.07	16	0.43	0.19	16	4.57	0.82	16	0.23	0.22	16	25.03	2.16	16	25.03	2.16	16	1.14	0.59	16	4.30	1.34	9
REF M1V1	BPWK01	03	1.68	1.47	15	7.09	0.31	15	9.31	0.41	30	102.25	2.56	16	nan	nan	0	0.69	0.20	16	4.01	2.15	16	17.33	4.36	16	0.28	0.19	16	3.45	1.89	16	0.22	0.17	16	24.64	2.43	16	24.64	2.43	16	4.01	2.80	16	4.50	1.27	9
REF M1V1	BPWK01	04	4.34	1.67	15	7.01	0.23	15	9.13	0.65	30	106.04	3.11	16	nan	nan	0	0.28	0.13	16	0.14	0.04	16	5.37	3.09	16	0.03	0.01	16	nan	nan	2	0.14	0.10	16	19.93	1.67	16	19.93	1.67	16	2.86	2.82	15	7.42	2.01	11
REF M1V1	BPWK01	05	9.31	1.22	13	6.96	0.26	13	7.97	0.41	30	105.12	2.00	14	nan	nan	0	0.30	0.13	14	0.18	0.14	14	8.12	2.93	14	0.05	0.06	14	0.13	0.05	5	0.12	0.07	14	18.93	1.09	14	18.93	1.09	14	1.11	1.05	14	9.45	1.56	11
REF M1V1	BPWK01	06	13.71	1.49	17	7.00	0.23	17	6.98	0.61	32	104.46	2.19	17	nan	nan	0	0.30	0.12	18	0.15	0.06	18	9.50	2.53	18	0.04	0.03	18	0.11	0.01	4	0.14	0.20	18	19.98	1.94	18	19.98	1.94	18	1.68	0.95	18	7.49	1.47	14
REF M1V1	BPWK01	07	16.65	1.76	20	7.02	0.25	20	6.27	0.66	36	105.12	4.48	20	nan	nan	0	0.25	0.12	20	0.15	0.04	20	9.75	2.19	20	0.04	0.02	20	0.10	0.00	5	0.13	0.07	20	21.47	2.06	20	21.47	2.06	20	2.21	1.26	19	5.99	1.03	16
REF M1V1	BPWK01	08	17.92	2.22	17	6.97	0.23	17	5.52	1.01	31	101.77	4.18	19	nan	nan	0	0.27	0.12	19	0.15	0.02	19	10.59	2.42	19	0.04	0.01	19	0.13	0.03	4	0.13	0.08	19	23.03	1.66	19	23.03	1.66	19	2.68	1.03	18	5.90	1.34	15
REF M1V1	BPWK01	09	14.62	2.31	15	6.98	0.30	15	6.26	0.82	33	99.76	4.78	15	nan	nan	0	0.31	0.16	15	0.15	0.05	15	11.25	1.70	15	0.03	0.01	15	0.10	0.00	3	0.14	0.10	15	20.88	1.82	15	20.88	1.82	15	2.29	0.94	15	6.78	0.97	9
REF M1V1	BPWK01	10	10.46	1.62	15	7.01	0.25	15	7.11	0.49	24	98.12	2.13	16	nan	nan	0	0.44	0.16	16	0.29	0.20	16	12.37	2.51	16	0.07	0.03	16	0.21	0.19	11	0.28	0.29	16	21.11	1.84	15	21.11	1.84	15	2.72	1.40	16	6.83	1.89	9
REF M1V1	BPWK01	11	7.29	1.54	20	7.08	0.25	20	7.81	0.51	35	97.41	1.78	20	nan	nan	0	0.58	0.10	20	1.53	0.69	20	13.96	2.22	20	0.29	0.14	20	0.95	0.57	20	0.47	0.29	19	20.48	1.66	20	20.48	1.66	20	2.03	0.93	19	5.91	1.22	11
REF M1V1	BPWK01	12	5.00	0.96	15	7.17	0.28	15	8.22	0.44	30	98.44	1.63	16	nan	nan	0	0.68	0.12	16	3.03	0.70	16	14.91	2.57	16	0.52	0.20	16	1.99	0.61	16	0.50	0.39	15	22.77	2.59	16	22.77	2.59	16	1.40	0.50	16	5.92	2.39	6
SLÄGGÖ	FIBG27	01	3.30	2.14	24	25.98	1.96	24	5.24	0.66	23	98.14	3.05	24	nan	nan	0	0.53	0.12	24	7.01	3.15	24	9.91	4.66	24	0.19	0.09	24	6.64	3.01	24	0.65	0.34	24	20.15	3.65	24	20.15	3.65	24	1.47	2.31	23	4.40	2.06	5
SLÄGGÖ	FIBG27	02	2.49	1.47	25	25.85	2.65	24	5.43	1.01	22	99.72	3.34	27	nan	nan	0	0.54	0.16	27	8.69	4.14	27	10.91	5.30	27	0.30	0.25	27	8.13	3.86	27	0.54	0.36	27	21.97	4.10	27	21.97	4.10	27	2.12	2.75	27	5.52	1.85	15
SLÄGGÖ	FIBG27	03	2.70	1.78	28	25.46	3.07	28	5.30	0.92	24	103.75	5.52	28	nan	nan	0	0.25	0.19	28	4.32	3.91	28	4.38	4.22	28	0.13	0.10	28	4.65	3.97	26	0.36	0.27	27	18.73	3.37	28	18.73	3.37	28	4.16	3.60	28	6.82	2.22	22
SLÄGGÖ	FIBG27	04	5.49	1.77	29	23.81	3.34	29	5.14	0.88	26	105.55	4.74	29	nan	nan	0	0.12	0.10	29	2.32	2.72	29	3.32	4.02	29	0.09	0.07	29	2.66	2.99	28	0.51	0.41	29	18.84	3.10	29	18.84	3.10	29	2.06	1.23	29	5.93	2.53	25
SLÄGGÖ	FIBG27	05	10.05	1.71	27	23.59	2.68	27	5.23	0.67	24	105.50	3.18	28	nan	nan	0	0.07	0.03	28	1.02	1.21	28	2.55	1.63	28	0.07	0.05	28	1.35	1.41	22	0.39	0.26	28	17.09	1.58	28	17.09	1.58	28	1.69	0.85	28	6.76	2.13	27
SLÄGGÖ	FIBG27	06	14.41	1.82	24	24.90	3.06	24	4.44	0.68	30	108.83	5.11	27	nan	nan	0	0.05	0.02	27	0.46	0.72	27	0.71	0.61	27	0.04	0.04	27	1.19	1.12	11	0.20	0.16	27	15.56	2.63	27	15.56	2.63	27	2.09	0.72	27	6.62	1.50	24
SLÄGGÖ	FIBG27	07	17.88	1.64	33	24.51	1.91	32	4.07	0.46	27	105.15	3.68	33	nan	nan	0	0.05	0.02	33	0.28	0.47	33	0.59	0.46	33	0.04	0.03	33	0.47	0.63	12	0.28	0.25	32	15.58	2.06	33	15.58	2.06	33	1.55	1.04	33	7.48	1.96	31
SLÄGGÖ	FIBG27	08	18.62	1.35	31	24.69	2.52	31	3.42	0.61	24	101.34	4.34	33	nan	nan	0	0.07	0.03	33	0.22	0.17	33	1.26	0.78	33	0.04	0.03	33	0.38	0.29	13	0.27	0.15	33	15.05	2.11	33	15.05	2.11	33	1.52	0.59	33	7.07	2.14	28
SLÄGGÖ	FIBG27	09	16.41	0.91	28	25.69	2.07	28	3.17	0.57	24	98.76	4.76	28	nan	nan	0	0.09	0.04	29	0.37	0.40	29	1.44	1.19	29	0.07	0.08	29	0.54	0.57	15	0.24	0.16	29	15.09	1.42	29	15.09	1.42	29	2.03	1.10	29	7.25	1.98	24
SLÄGGÖ	FIBG27	10	12.98	1.49	28	25.80	2.78	28	3.65	0.87	28	96.42	4.29	29	nan	nan	0	0.15	0.08	29	0.83	0.93	29	2.42	1.90	29	0.12	0.12	29	0.79	0.80	22	0.59	0.86	28	15.57	2.18	29	15.57	2.18	29	2.04	0.93	29	7.44	2.94	17
SLÄGGÖ	FIBG27	11	9.64	1.50	26	26.87	2.51	25	4.08	0.86	24	95.82	3.33	28	nan	nan	0	0.32	0.11	28	2.80	1.56	29	6.15	3.85	29	0.31	0.22	29	2.16	1.23	29	0.74	0.55	26	16.58	3.04	29	16.58	3.04	29	1.76	1.32	29	6.79	2.91	11
SLÄGGÖ	FIBG27	12	6.42	1.97	27	26.55	2.61	27	4.58	0.91	27	97.07	2.01	28	nan	nan	0	0.44	0.10	28	5.08	2.16	28	8.37	4.79	28	0.32	0.19	28	4.38	2.10	28	1.04	0.40	27	18.85	3.26	28	18.85	3.26	28	1.11	0.70	28	5.50	2.58	11
W LANDSKRONA	SOCX39	01	3.54	1.47	17	16.19	4.96	17	5.46	0.89	42	95.37	4.25	18	nan	nan	0	0.69	0.11	18	6.35	0.96	18	12.58	2.23	18	0.48	0.20	18	5.38	1.04	18	0.42	0.16	18	21.19	1.91	17	21.19	1.91	17	0.63	0.39	18	nan	nan	1
W LANDSKRONA	SOCX39	02	2.46	1.12	18	12.43	4.24	18	5.79	0.76	39	98.83	3.06	18	nan	nan	0	0.67	0.11	18	5.31	1.26	18	12.74	2.01	18	0.33	0.12	18	4.64	1.22	18	0.39	0.14	18	22.14	1.83	18	22.14	1.83	18	1.36	1.17	18	9.50	1.34	7
W LANDSKRONA	SOCX39	03	3.71	1.32	13	15.51	4.74	13	5.60	0.81	29	101.69	3.84	13	nan	nan	0	0.32	0.17	13	1.77	1.42	14	6.32	3.97	13	0.10	0.07	13	1.54	1.19	12	0.28	0.16	12	19.53	2.24	14	19.53	2.24	14	2.93	2.42	13	6.90	2.42	5
W LANDSKRONA	SOCX39	04	5.96	1.46	16	11.64	4.95	16	4.85	0.63	33	105.46	3.93	16	nan	nan	0	0.26	0.12	16	0.45	0.75	16	5.48	2.50	16	0.04	0.02	16	0.69	1.22	11	0.26	0.18	16	18.23	0.78	16	18.23	0.78	16	1.67	1.14	16	10.62	1.41	8
W LANDSKRONA	SOCX39	05	10.43	1.55	12	14.10	4.04	12	4.36	0.66	27	104.49	4.82	12	nan	nan	0	0.25	0.12	12	0.63	1.00	12	5.45	2.99	12	0.09	0.19	12	2.06	3.41	6	0.15	0.07	12	17.79	2.23	12	17.79	2.23	12	2.93	3.25	12	7.65	0.95	10
W LANDSKRONA	SOCX39	06	14.29	1.46	17	12.64	4.03	17	4.36	0.81	38	104.77	4.98	17	nan	nan	0	0.22	0.08	17	0.50	0.83	17	6.47	1.72	17	0.05	0.03	17	1.47	1.50	6	0.14	0.07	17	18.78	1.19	17	18.78	1.19	17	1.99	1.22	17	7.59	1.52	11
W LANDSKRONA	SOCX39	07	17.59	1.34	19	12.91	4.37	19	3.74	0.66	27	102.91	5.35	19	nan	nan	0	0.23	0.09	19	0.24	0.17	19	6.31	2.66	19	0.04	0.02	19	0.47	0.47	8	0.16	0.09	19	18.87	2.38	19	18.87	2.38	19	2.31	1.16	19	7.25	1.02	16
W LANDSKRONA	SOCX39	08	17.88	1.20	19	14.94	4.65	19	2.95	0.81	37	95.61	7.58	19	nan	nan	0	0.24	0.09	19	0.34	0.30	19	7.25	2.63	19	0.06	0.04	19	0.62	0.83	14	0.39	0.28	18	20.24	3.96	19	20.24	3.96	19	2.12	1.19	19	6.67	1.60	12
W LANDSKRONA	SOCX39	09	15.43	1.07	20	14.15	4.49	20	2.22	0.76	47	95.06	6.33	20	nan	nan	0	0.32	0.11	20	0.44	0.35	20	9.14	2.52	20	0.07	0.04	20	0.47	0.35	16	0.35	0.20	20	19.32	1.99	20	19.32	1.99	20	1.86	0.59	20	7.04	1.52	13
W LANDSKRONA	SOCX39	10	11.97	1.25	15	15.06	4.79	15	2.55	0.74	29	90.33	7.50	15	nan	nan	0	0.47	0.14	15	2.07	2.12	15	11.91	2.12	15	0.15	0.07	15	1.28	1.07	14	0.61	0.27	15	19.50	1.84	15	19.50	1.84	15	1.52	0.69	15	6.50	1.87	3
W LANDSKRONA	SOCX39	11	9.06	1.29	12	14.92	5.40	12	3.15	0.67	31	94.42	4.89	15	nan	nan	0	0.44	0.17	15	2.25	0.93	15	9.11	3.69	15	0.18	0.10	15	1.88	0.85	15	0.64	0.42	13	18.59	2.62	15	18.59	2.62	15	1.52	0.68	15	nan	nan	0
W LANDSKRONA	SOCX39	12	6.44	1.35	15	16.93	5.99	15	4.41	0.89	26	95.16	4.69	15	nan	nan	0	0.59	0.11	15	4.55	1.46	15	10.41	2.78	15	0.46	0.29	15	3.54	1.24	15	0.71	0.36	14	19.95	2.87	15	19.95	2.87	15	0.87	0.39	15	8.67	1.25	3
Å13	SKEX14	01	3.97	2.00	14	29.56	3.18	14	6.42	0.57	14	98.60	1.18	14	nan	nan	0	0.57	0.14	14	8.12	3.50	14	8.25	3.13	14	0.55	0.67	14	7.56	2.27	13	0.50	0.43	14	18.08	2.42	14	18.08	2.42	14	1.32	2.10	14	nan	nan	0
Å13	SKEX14	02	3.13	1.36	17	28.22	3.68	17	6.55	0.29	15	101.41	2.79	17	nan	nan	0	0.49	0.19	17	8.37	4.53	17	7.86	4.29	17	0.41	0.49	17	7.97	3.79	17	0.38	0.27	17	20.63	3.86	17	20.63	3.86	17	2.20	2.33	16	nan	nan	0
Å13	SKEX14	03	3.57	1.61	14	28.59	2.80	14	6.57	0.26	13	104.86	4.44	14	nan	nan	0	0.19	0.12	14	4.17	3.63	14	2.90	2.40	14	0.17	0.14	14	4.45	3.31	13	0.33	0.15	13	17.30	2.72	14	17.30	2.72	14	2.88	2.07	14	7.00	1.41	6
Å13	SKEX14	04	5.95	1.33	16	26.60	3.91	16	6.57	0.50	18	106.41	3.91	16	nan	nan	0	0.07	0.04	16	1.39	1.56	16	0.59	0.47	16	0.09	0.11	16	1.93	1.42	11	0.44	0.32	16	15.32	1.99	16	15.32	1.99	16	1.46	0.74	16	8.21	0.99	7
Å13	SKEX14	05	9.94	1.21	13	26.17	3.23	13	6.26	0.34	18	106.09	2.14	13	nan	nan	0	0.04	0.01	13	0.58	0.77	13	0.87	0.60	13	0.04	0.02	13	1.16	1.20	8	0.25	0.20	13	16.58	8.36	13	16.58	8.36	13	1.53	0.64	13	7.22	1.40	9
Å13	SKEX14	06	14.12	1.64	15	27.77	3.71	15	5.99	0.23	12	108.30	3.59	15	nan	nan	0	0.04	0.01	15	0.64	1.01	15	0.57	0.36	15	0.04	0.02	15	2.99	3.62	6	0.21	0.17	15	14.20	3.94	15	14.20	3.94	15	1.80	0.91	15	7.55	1.56	11
Å13	SKEX14	07	17.32	1.27	18	28.28	3.01	17	5.60	0.27	15	105.44	3.16	18	nan	nan	0	0.04	0.02	18	0.18	0.17	18	0.53	0.41	18	0.03	0.02	18	0.27	0.24	4	0.23	0.13	18	13.61	1.97	18	13.61	1.97	18	1.64	0.97	18	8.32	1.74	11
Å13	SKEX14	08	17.97	1.01	18	29.16	3.02	18	5.10	0.28	18	105.17	4.28	19	nan	nan	0	0.06	0.03	19	0.16	0.12	19	1.00	0.74	19	0.02	0.01	19	nan	nan	2	0.17	0.09	19	12.55	1.78	19	12.55	1.78	19	1.64	0.97	19	8.33	2.81	12
Å13	SKEX14	09	15.70	0.89	15	29.07	3.03	15	4.96	0.30	14	101.10	2.34	14	nan	nan	0	0.09	0.05	14	0.20	0.18	14	1.75	1.02	14	0.03	0.01	14	0.34	0.37	4	0.20	0.12	14	12.84	1.84	14	12.84	1.84	14	1.28	0.40	14	7.25	0.43	4
Å13	SKEX14	10	12.63	1.26	14	28.03	3.59	14	5.23	0.25	14	98.16	1.80	14	nan	nan	0	0.18	0.06	14	0.48	0.30	14	2.34	1.19	14	0.11	0.07	14	0.27	0.19	13	0.45	0.26	14	13.87	2.60	14	13.87	2.60	14	1.78	0.77	14	nan	nan	1
Å13	SKEX14	11	9.40	1.42	11	29.46	3.03	11	5.51	0.39	16	98.48	1.21	13	nan	nan	0	0.31	0.10	12	1.99	0.94	13	3.83	2.28	13	0.36	0.23	13	1.27	0.58	13	0.57	0.47	10	13.87	1.92	13	13.87	1.92	13	1.63	0.63	13	nan	nan	0
Å13	SKEX14	12	6.68	2.11	15	28.70	3.10	15	5.97	0.39	13	98.82	1.38	15	nan	nan	0	0.44	0.11	15	4.36	1.22	15	5.54	1.53	15	0.38	0.34	15	3.52	1.01	15	0.74	0.47	14	16.18	1.36	15	16.18	1.36	15	1.06	0.61	15	nan	nan	2
Å15	SKEX16	01	4.76	2.06	13	31.75	2.68	13	6.30	0.46	20	98.69	1.51	13	nan	nan	0	0.53	0.08	13	6.15	1.35	13	5.17	2.16	13	0.37	0.43	13	5.42	1.27	13	0.30	0.30	13	14.60	2.31	13	14.60	2.31	13	1.11	1.43	9	nan	nan	0
Å15	SKEX16	02	3.58	1.55	15	29.68	3.63	15	6.55	0.21	22	101.88	2.77	15	nan	nan	0	0.46	0.15	15	6.20	2.54	15	5.54	3.19	15	0.17	0.11	15	6.38	1.98	15	0.17	0.15	15	16.76	1.65	15	16.76	1.65	15	2.47	2.51	11	nan	nan	0
Å15	SKEX16	03	3.89	1.53	14	29.25	2.27	14	6.54	0.26	18	104.67	4.41	14	nan	nan	0	0.19	0.09	14	3.38	2.94	14	2.28	2.07	14	0.15	0.15	14	3.72	2.79	13	0.35	0.34	13	15.27	3.88	14	15.27	3.88	14	2.27	1.59	11	8.00	0.71	4
Å15	SKEX16	04	6.13	1.49	16	29.07	3.76	16	6.33	0.52	24	107.12	4.04	16	nan	nan	0	0.09	0.08	16	2.01	2.33	16	0.93	1.09	16	0.12	0.15	16	2.71	2.05	11	0.45	0.38	16	14.62	1.76	16	14.62	1.76	16	1.07	0.83	12	nan	nan	0
Å15	SKEX16	05	9.60	1.34	13	29.24	2.48	13	6.19	0.31	22	107.74	3.63	13	nan	nan	0	0.04	0.03	13	0.30	0.40	13	0.73	0.46	13	0.03	0.02	13	0.89	0.37	3	0.20	0.22	13	12.34	1.98	13	12.34	1.98	13	0.92	0.24	9	8.29	2.31	7
Å15	SKEX16	06	13.77	1.62	15	29.39	2.81	15	6.10	0.20	20	108.88	5.20	15	nan	nan	0	0.03	0.01	15	0.24	0.26	15	0.58	0.70	15	0.03	0.02	15	0.49	0.45	5	0.15	0.11	15	12.02	2.90	15	12.02	2.90	15	1.19	0.38	11	7.57	1.66	7
Å15	SKEX16	07	16.45	1.10	18	30.60	0.83	18	5.70	0.22	20	106.75	3.28	18	nan	nan	0	0.03	0.01	18	0.16	0.08	18	0.29	0.23	18	0.03	0.02	18	0.25	0.30	5	0.20	0.11	18	11.36	1.62	18	11.36	1.62	18	1.14	0.98	13	8.83	1.00	9
Å15	SKEX16	08	17.76	1.18	19	30.02	2.76	19	5.49	0.23	26	103.54	4.91	18	nan	nan	0	0.05	0.03	19	0.14	0.06	19	0.78	0.91	19	0.02	0.01	19	nan	nan	2	0.21	0.12	19	11.52	1.63	19	11.52	1.63	19	1.57	1.08	16	9.86	2.42	7
Å15	SKEX16	09	15.51	0.90	14	32.13	0.88	14	5.24	0.29	18	102.07	1.67	14	nan	nan	0	0.06	0.06	14	0.14	0.05	14	1.06	0.31	14	0.02	0.00	14	nan	nan	1	0.17	0.12	14	10.57	1.29	14	10.57	1.29	14	1.25	0.40	12	7.67	1.70	3
Å15	SKEX16	10	12.63	1.50	14	30.40	3.05	14	5.19	0.39	17	98.61	2.52	13	nan	nan	0	0.15	0.06	13	0.38	0.27	13	1.87	1.13	13	0.09	0.07	13	0.22	0.20	10	0.40	0.24	13	12.33	2.00	13	12.33	2.00	13	1.54	0.60	11	nan	nan	2
Å15	SKEX16	11	9.34	1.18	10	30.79	2.89	10	5.32	0.25	22	99.03	1.02	13	nan	nan	0	0.25	0.12	12	1.80	0.75	13	2.87	2.23	13	0.39	0.23	13	1.02	0.46	13	0.53	0.49	10	12.35	2.48	13	12.35	2.48	13	1.21	0.47	10	nan	nan	0
Å15	SKEX16	12	7.22	2.01	15	30.46	3.22	15	5.81	0.38	20	99.16	1.60	15	nan	nan	0	0.43	0.08	15	3.88	0.71	15	4.58	1.48	15	0.30	0.19	15	3.27	0.82	15	0.56	0.35	14	14.45	2.51	15	14.45	2.51	15	0.97	0.48	12	nan	nan	1
Å17	SKEX18	01	4.92	2.20	13	32.24	2.00	13	5.89	0.50	18	98.60	1.00	13	nan	nan	0	0.50	0.08	13	5.84	1.07	13	4.55	1.26	13	0.22	0.42	13	5.39	1.09	12	0.20	0.14	12	13.70	1.62	13	13.70	1.62	13	0.92	1.29	13	nan	nan	0
Å17	SKEX18	02	3.59	1.59	16	30.15	3.59	16	6.29	0.38	22	101.44	2.67	16	nan	nan	0	0.44	0.16	16	6.08	2.83	16	5.13	2.66	16	0.14	0.11	16	6.60	1.97	15	0.17	0.15	16	16.34	2.25	16	16.34	2.25	16	2.37	3.11	16	nan	nan	0
Å17	SKEX18	03	4.20	1.47	13	30.57	2.42	13	6.30	0.31	20	105.64	5.30	14	nan	nan	0	0.20	0.13	14	2.70	2.55	14	1.50	1.50	14	0.13	0.14	14	3.14	2.21	11	0.29	0.19	12	14.01	3.09	14	14.01	3.09	14	3.61	4.28	14	7.75	1.09	4
Å17	SKEX18	04	5.95	1.56	16	29.43	3.09	16	6.41	0.36	20	106.22	2.72	16	nan	nan	0	0.10	0.07	16	1.03	1.21	16	0.80	0.65	16	0.05	0.04	16	1.59	1.20	11	0.26	0.16	16	13.09	2.43	16	13.09	2.43	16	1.32	0.65	16	nan	nan	0
Å17	SKEX18	05	9.44	1.59	13	29.63	2.25	13	6.24	0.44	20	107.89	3.02	13	nan	nan	0	0.05	0.03	13	0.65	0.73	13	0.79	0.50	13	0.04	0.03	13	2.77	1.58	5	0.15	0.13	13	12.24	2.12	13	12.24	2.12	13	1.35	0.48	13	nan	nan	1
Å17	SKEX18	06	13.56	1.73	15	30.12	1.80	15	6.14	0.15	21	109.11	5.75	15	nan	nan	0	0.03	0.01	15	0.18	0.13	15	0.46	0.33	15	0.03	0.01	15	0.43	0.52	4	0.13	0.07	15	11.04	1.90	15	11.04	1.90	15	1.67	1.37	15	7.17	0.62	3
Å17	SKEX18	07	16.48	1.52	18	30.55	1.13	18	6.01	0.13	20	106.43	3.45	18	nan	nan	0	0.03	0.01	18	0.14	0.06	18	0.31	0.24	18	0.03	0.04	18	nan	nan	2	0.17	0.10	18	10.98	1.80	18	10.98	1.80	18	0.89	0.40	18	nan	nan	2
Å17	SKEX18	08	17.42	1.86	17	30.58	1.64	17	5.86	0.19	25	104.79	3.73	16	nan	nan	0	0.04	0.02	17	0.13	0.05	17	0.50	0.39	17	0.02	0.01	17	nan	nan	2	0.16	0.09	17	10.89	1.45	17	10.89	1.45	17	0.94	0.43	17	nan	nan	2
Å17	SKEX18	09	15.54	1.12	15	32.05	1.17	15	5.79	0.19	20	101.69	1.90	15	nan	nan	0	0.06	0.04	15	0.14	0.05	15	1.06	0.45	15	0.02	0.00	15	nan	nan	1	0.17	0.13	15	10.59	1.12	15	10.59	1.12	15	1.05	0.49	15	nan	nan	1
Å17	SKEX18	10	13.00	1.11	13	31.16	1.75	13	5.68	0.22	16	98.12	2.00	13	nan	nan	0	0.16	0.08	13	0.57	0.33	13	2.34	1.13	13	0.17	0.09	13	0.27	0.22	11	0.40	0.35	13	11.46	1.45	13	11.46	1.45	13	1.52	0.56	13	nan	nan	1
Å17	SKEX18	11	9.81	0.80	11	31.84	1.89	11	5.65	0.19	22	98.71	1.48	14	nan	nan	0	0.21	0.10	13	1.95	0.87	14	2.36	1.56	14	0.42	0.20	14	1.10	0.57	14	0.28	0.22	11	11.30	2.31	14	11.30	2.31	14	1.16	0.30	14	nan	nan	0
Å17	SKEX18	12	7.74	1.60	15	31.73	2.67	15	5.63	0.20	21	98.63	1.52	15	nan	nan	0	0.43	0.07	15	3.91	0.51	15	4.14	1.37	15	0.26	0.21	15	3.42	0.51	15	0.40	0.45	14	12.86	1.93	14	12.86	1.93	14	0.69	0.23	15	nan	nan	0
B1	BPNX01	01	1.77	1.23	15	6.61	0.34	14	8.09	1.38	17	nan	nan	1	nan	nan	0	0.81	0.19	15	4.94	0.80	15	19.22	2.41	15	nan	nan	0	nan	nan	0	0.07	0.04	15	21.75	1.01	15	21.75	1.01	15	0.45	0.35	15	7.44	1.66	14
B1	BPNX01	02	0.88	1.00	13	6.57	0.23	13	8.35	1.83	20	nan	nan	2	nan	nan	0	0.79	0.12	14	5.20	0.72	14	19.45	1.68	13	nan	nan	0	nan	nan	0	0.07	0.04	13	22.33	1.10	14	22.33	1.10	14	0.62	0.39	14	9.89	3.40	13
B1	BPNX01	03	1.05	1.08	29	6.48	0.24	28	8.20	2.17	42	103.05	3.18	4	nan	nan	0	0.63	0.18	32	3.73	1.69	32	17.76	2.99	30	nan	nan	0	nan	nan	0	0.09	0.03	28	21.79	1.03	32	21.79	1.03	32	2.16	1.66	32	10.03	2.63	30
B1	BPNX01	04	3.06	1.34	59	6.37	0.22	59	8.32	1.54	73	112.25	6.34	8	nan	nan	0	0.27	0.13	61	0.22	0.60	61	9.63	3.89	57	nan	nan	0	nan	nan	0	0.07	0.02	52	20.20	1.48	61	20.20	1.48	61	3.73	1.94	60	7.35	1.61	59
B1	BPNX01	05	7.41	1.39	33	6.20	0.19	33	6.91	1.64	44	109.56	3.48	5	nan	nan	0	0.14	0.10	33	0.03	0.02	33	7.34	2.88	32	nan	nan	0	nan	nan	0	0.07	0.03	32	19.36	1.01	33	19.36	1.01	33	1.73	0.43	33	8.26	1.63	31
B1	BPNX01	06	12.22	1.37	32	6.10	0.22	32	6.19	1.42	42	108.51	2.93	4	nan	nan	0	0.11	0.08	32	0.03	0.02	32	7.82	2.35	30	nan	nan	0	nan	nan	0	0.11	0.12	30	20.72	3.23	32	20.72	3.23	32	1.92	0.89	32	7.23	1.83	30
B1	BPNX01	07	15.82	1.93	37	6.04	0.19	37	5.99	0.96	46	103.91	7.37	4	nan	nan	0	0.08	0.07	38	0.05	0.05	38	9.43	2.42	36	nan	nan	0	nan	nan	0	0.14	0.25	36	21.67	2.06	38	21.67	2.06	38	2.39	0.83	38	5.55	1.13	37
B1	BPNX01	08	17.02	2.52	34	5.98	0.15	34	5.21	1.26	47	101.58	7.10	4	nan	nan	0	0.09	0.10	35	0.08	0.10	35	10.32	2.89	33	nan	nan	0	nan	nan	0	0.18	0.21	33	22.41	2.13	35	22.41	2.13	35	2.37	1.01	35	5.72	1.12	33
B1	BPNX01	09	12.91	2.69	30	6.21	0.29	30	5.02	1.59	39	94.01	3.94	4	nan	nan	0	0.24	0.19	29	0.30	0.42	30	13.01	3.19	28	nan	nan	0	nan	nan	0	0.22	0.25	28	20.38	1.07	30	20.38	1.07	30	1.83	0.81	30	7.73	1.15	30
B1	BPNX01	10	9.79	2.24	29	6.39	0.30	29	4.87	1.58	35	97.63	0.48	3	nan	nan	0	0.34	0.15	30	0.57	0.56	30	13.61	2.24	28	nan	nan	0	nan	nan	0	0.35	0.39	28	20.02	1.09	30	20.02	1.09	30	1.76	0.73	30	8.35	1.73	28
B1	BPNX01	11	6.74	1.13	15	6.54	0.23	14	5.57	1.83	20	nan	nan	1	nan	nan	0	0.55	0.10	15	1.72	0.82	15	15.75	1.93	15	nan	nan	0	nan	nan	0	0.54	0.32	15	20.43	0.96	15	20.43	0.96	15	1.28	0.77	15	9.06	2.54	14
B1	BPNX01	12	4.09	0.96	15	6.65	0.33	15	6.97	1.96	21	nan	nan	2	nan	nan	0	0.75	0.17	15	3.63	0.96	15	18.55	2.58	15	nan	nan	0	nan	nan	0	0.27	0.34	15	21.06	1.00	15	21.06	1.00	15	0.71	0.58	15	7.44	1.71	13
MS4 / C14	GBSX15	01	1.87	1.12	14	5.37	0.08	14	6.05	0.81	17	nan	nan	1	nan	nan	0	0.33	0.08	12	4.04	0.41	13	21.11	1.99	13	0.05	0.01	13	3.88	0.40	13	0.12	0.05	13	18.14	0.83	14	18.14	0.83	14	nan	nan	0	nan	nan	1
MS4 / C14	GBSX15	02	1.25	0.79	15	5.37	0.07	15	6.31	0.57	18	nan	nan	0	nan	nan	0	0.32	0.06	14	4.26	0.39	14	20.61	1.73	14	0.05	0.01	14	4.08	0.36	14	0.14	0.06	13	18.23	0.66	14	18.23	0.66	14	nan	nan	0	nan	nan	1
MS4 / C14	GBSX15	03	0.64	0.66	7	5.40	0.07	7	6.45	0.98	7	nan	nan	0	nan	nan	0	0.32	0.02	6	3.94	0.18	6	20.67	1.46	6	0.06	0.01	6	3.78	0.20	6	0.10	0.02	6	19.48	1.68	7	19.48	1.68	7	nan	nan	0	nan	nan	1
MS4 / C14	GBSX15	04	1.60	0.62	14	5.35	0.06	14	6.47	0.95	16	nan	nan	0	nan	nan	0	nan	nan	0	nan	nan	0	nan	nan	0	nan	nan	0	nan	nan	0	nan	nan	0	16.52	1.27	14	16.52	1.27	14	nan	nan	0	nan	nan	1
MS4 / C14	GBSX15	05	4.10	1.16	16	5.28	0.11	16	5.94	0.71	16	nan	nan	0	nan	nan	0	nan	nan	0	nan	nan	0	nan	nan	0	nan	nan	0	nan	nan	0	nan	nan	0	16.56	0.90	16	16.56	0.90	16	nan	nan	0	nan	nan	2
MS4 / C14	GBSX15	06	8.93	2.44	20	5.20	0.16	19	5.48	0.77	25	nan	nan	0	nan	nan	0	nan	nan	0	nan	nan	0	nan	nan	0	nan	nan	0	nan	nan	0	nan	nan	0	15.99	1.21	20	15.99	1.21	20	nan	nan	0	5.50	0.41	3
MS4 / C14	GBSX15	07	15.14	2.91	17	5.10	0.16	14	5.37	0.53	21	nan	nan	0	nan	nan	0	nan	nan	2	nan	nan	2	nan	nan	1	nan	nan	2	nan	nan	2	nan	nan	1	16.53	1.24	17	16.53	1.24	17	nan	nan	0	5.50	1.12	4
MS4 / C14	GBSX15	08	16.14	1.60	14	5.00	0.26	13	5.34	0.61	17	nan	nan	0	nan	nan	0	nan	nan	2	nan	nan	2	nan	nan	1	nan	nan	2	nan	nan	2	nan	nan	1	17.32	0.90	14	17.32	0.90	14	nan	nan	0	nan	nan	1
MS4 / C14	GBSX15	09	15.00	2.38	8	5.02	0.14	8	5.26	0.67	13	nan	nan	0	nan	nan	0	nan	nan	0	nan	nan	0	nan	nan	0	nan	nan	0	nan	nan	0	nan	nan	0	17.56	0.93	8	17.56	0.93	8	nan	nan	0	nan	nan	1
MS4 / C14	GBSX15	10	8.56	1.35	9	5.06	0.18	9	5.17	0.60	11	nan	nan	0	nan	nan	0	nan	nan	0	nan	nan	0	nan	nan	0	nan	nan	0	nan	nan	0	nan	nan	0	15.71	0.59	9	15.71	0.59	9	nan	nan	0	nan	nan	2
MS4 / C14	GBSX15	11	5.71	0.84	6	5.20	0.09	6	5.67	0.69	11	nan	nan	0	nan	nan	0	nan	nan	1	nan	nan	1	nan	nan	1	nan	nan	1	nan	nan	1	nan	nan	1	15.69	0.93	7	15.69	0.93	7	nan	nan	0	nan	nan	0
MS4 / C14	GBSX15	12	3.93	0.89	9	5.29	0.14	9	5.44	0.57	15	nan	nan	0	nan	nan	0	0.20	0.07	10	2.77	0.67	10	18.02	2.01	10	0.05	0.01	10	2.62	0.67	10	0.10	0.03	10	17.58	1.01	10	17.58	1.01	10	nan	nan	0	nan	nan	1
C3	GBSX31	01	1.60	1.35	13	5.29	0.11	13	5.43	0.52	17	nan	nan	0	nan	nan	0	0.30	0.05	12	4.07	0.44	13	20.61	1.74	13	0.05	0.01	13	3.91	0.40	13	0.12	0.05	13	18.28	1.16	14	18.28	1.16	14	nan	nan	0	nan	nan	1
C3	GBSX31	02	0.64	0.73	14	5.26	0.10	14	5.49	0.47	18	nan	nan	0	nan	nan	0	0.30	0.05	14	4.63	0.60	14	21.28	1.81	14	0.05	0.01	14	4.45	0.57	14	0.14	0.06	13	18.78	0.74	14	18.78	0.74	14	nan	nan	0	nan	nan	1
C3	GBSX31	03	0.39	0.73	7	5.26	0.12	7	5.26	0.44	7	nan	nan	0	nan	nan	0	0.29	0.02	6	4.02	0.36	6	20.98	1.41	6	0.06	0.01	6	3.83	0.33	6	0.12	0.06	6	19.65	1.88	7	19.65	1.88	7	nan	nan	0	nan	nan	0
C3	GBSX31	04	1.56	0.57	14	5.18	0.14	14	5.39	0.49	16	nan	nan	0	nan	nan	0	nan	nan	1	nan	nan	1	nan	nan	1	nan	nan	1	nan	nan	1	nan	nan	1	16.11	1.03	14	16.11	1.03	14	nan	nan	0	nan	nan	1
C3	GBSX31	05	3.98	1.19	16	5.17	0.25	16	5.19	0.50	14	nan	nan	0	nan	nan	0	nan	nan	1	nan	nan	1	nan	nan	1	nan	nan	1	nan	nan	1	nan	nan	1	17.70	2.30	16	17.70	2.30	16	nan	nan	0	4.50	1.08	3
C3	GBSX31	06	8.76	2.48	19	5.03	0.24	18	5.07	0.56	24	nan	nan	0	nan	nan	0	nan	nan	2	nan	nan	2	nan	nan	2	nan	nan	2	nan	nan	2	nan	nan	2	16.32	1.19	19	16.32	1.19	19	nan	nan	0	5.50	0.61	4
C3	GBSX31	07	14.27	2.94	18	4.96	0.24	15	4.97	0.50	21	nan	nan	0	nan	nan	0	0.01	0.00	3	0.17	0.06	3	nan	nan	2	0.04	0.01	3	0.07	0.02	3	nan	nan	2	16.20	1.02	18	16.20	1.02	18	nan	nan	0	5.70	1.12	5
C3	GBSX31	08	16.14	1.75	15	4.87	0.21	14	4.90	0.44	19	nan	nan	0	nan	nan	0	0.01	0.00	3	0.19	0.07	4	11.56	1.34	3	0.04	0.01	4	0.07	0.01	4	0.11	0.06	3	17.29	1.47	15	17.29	1.47	15	nan	nan	0	nan	nan	1
C3	GBSX31	09	14.58	2.93	8	4.92	0.10	8	5.08	0.66	13	nan	nan	0	nan	nan	0	nan	nan	1	nan	nan	1	nan	nan	1	nan	nan	1	nan	nan	1	nan	nan	1	17.11	1.23	8	17.11	1.23	8	nan	nan	0	nan	nan	1
C3	GBSX31	10	8.67	1.56	9	5.03	0.19	9	4.79	0.59	11	nan	nan	0	nan	nan	0	nan	nan	0	nan	nan	0	nan	nan	0	nan	nan	0	nan	nan	0	nan	nan	0	16.13	0.64	9	16.13	0.64	9	nan	nan	0	nan	nan	2
C3	GBSX31	11	6.21	0.99	6	5.07	0.13	6	5.51	0.65	9	nan	nan	0	nan	nan	0	nan	nan	0	nan	nan	0	nan	nan	0	nan	nan	0	nan	nan	0	nan	nan	0	16.21	0.67	6	16.21	0.67	6	nan	nan	0	nan	nan	0
C3	GBSX31	12	4.05	1.27	11	5.16	0.21	11	5.37	0.57	16	nan	nan	0	nan	nan	0	0.23	0.05	11	3.27	0.79	11	19.58	3.38	11	0.06	0.03	11	3.11	0.76	11	0.11	0.03	11	18.11	1.21	11	18.11	1.21	11	nan	nan	0	nan	nan	0
B7	GBSX59	01	1.03	1.52	7	4.33	0.96	7	8.90	0.42	7	nan	nan	0	nan	nan	0	0.32	0.14	7	6.06	0.58	7	34.12	14.53	7	0.11	0.02	7	5.66	0.49	7	0.33	0.13	6	20.40	0.82	7	20.40	0.82	7	nan	nan	0	nan	nan	2
B7	GBSX59	02	-0.05	0.21	8	3.94	0.42	8	9.17	0.31	10	nan	nan	1	nan	nan	0	0.23	0.07	9	6.65	0.63	9	39.54	13.90	9	0.12	0.03	9	6.28	0.56	9	0.25	0.13	9	20.66	1.45	9	20.66	1.45	9	nan	nan	0	nan	nan	2
B7	GBSX59	03	0.19	0.27	15	3.92	0.56	15	8.99	0.66	19	nan	nan	2	nan	nan	0	0.19	0.09	15	6.75	0.93	15	44.15	17.99	15	0.14	0.04	15	6.25	0.82	15	0.35	0.22	15	21.03	1.36	15	21.03	1.36	15	nan	nan	0	3.58	1.13	6
B7	GBSX59	04	1.32	1.08	15	3.76	0.55	15	8.94	0.63	19	nan	nan	1	nan	nan	0	0.08	0.05	15	4.00	2.64	15	36.44	19.43	15	0.14	0.05	15	3.58	2.48	15	0.27	0.19	15	18.33	2.12	15	18.33	2.12	15	nan	nan	0	2.81	0.86	8
B7	GBSX59	05	5.36	2.27	17	3.52	0.33	17	8.28	0.60	23	nan	nan	2	nan	nan	0	0.04	0.02	17	1.41	1.06	16	32.58	5.40	17	0.12	0.05	17	1.04	1.01	16	0.25	0.14	17	16.91	1.78	17	16.91	1.78	17	nan	nan	0	2.64	0.65	9
B7	GBSX59	06	10.35	2.25	17	3.57	0.26	17	7.29	1.02	19	104.79	4.64	3	nan	nan	0	0.02	0.01	17	0.60	0.43	17	26.65	4.55	18	0.08	0.04	17	0.31	0.32	17	0.20	0.10	17	16.52	1.47	18	16.52	1.47	18	nan	nan	0	3.47	0.59	15
B7	GBSX59	07	16.39	1.78	6	3.32	0.24	5	6.29	0.48	11	nan	nan	0	nan	nan	0	0.03	0.02	5	0.94	0.76	5	25.05	2.11	6	0.08	0.04	5	0.38	0.44	5	0.48	0.30	5	15.82	0.84	6	15.82	0.84	6	nan	nan	0	nan	nan	2
B7	GBSX59	08	15.81	1.34	15	3.62	0.29	15	6.06	0.57	24	nan	nan	2	nan	nan	0	0.03	0.01	13	0.70	0.58	13	24.04	5.35	13	0.08	0.03	13	0.29	0.31	13	0.35	0.25	12	16.98	1.70	13	16.98	1.70	13	nan	nan	0	3.58	0.81	11
B7	GBSX59	09	14.01	1.64	10	3.77	0.49	10	6.06	0.50	14	nan	nan	2	nan	nan	0	0.05	0.04	9	1.25	1.07	9	24.53	5.50	9	0.09	0.05	9	0.68	0.74	9	0.48	0.31	9	18.45	2.13	9	18.45	2.13	9	nan	nan	0	3.20	0.51	5
B7	GBSX59	10	8.26	1.55	16	4.35	0.41	16	7.03	0.60	19	nan	nan	1	nan	nan	0	0.14	0.10	15	2.56	1.23	15	27.42	3.43	15	0.15	0.05	15	1.98	1.23	15	0.44	0.24	15	18.54	1.52	15	18.54	1.52	15	nan	nan	0	3.38	1.11	8
B7	GBSX59	11	4.29	1.89	6	4.37	0.37	6	8.24	0.35	8	nan	nan	1	nan	nan	0	0.23	0.12	6	4.52	1.14	6	28.77	1.87	6	0.23	0.03	5	4.07	1.11	5	0.43	0.16	6	19.48	2.45	6	19.48	2.45	6	nan	nan	0	nan	nan	1
B7	GBSX59	12	1.54	1.39	7	4.06	0.42	7	8.55	0.60	8	nan	nan	1	nan	nan	0	0.23	0.06	7	5.44	0.73	7	32.49	6.35	7	0.17	0.03	7	4.72	0.64	7	0.55	0.17	7	19.76	1.48	7	19.76	1.48	7	nan	nan	0	nan	nan	0
NB1 / B3	GBSX58	01	0.53	0.29	7	4.58	0.28	7	8.88	0.61	19	nan	nan	0	nan	nan	0	0.28	0.05	6	5.96	0.47	6	29.33	2.35	6	0.12	0.03	6	5.62	0.42	6	0.22	0.04	6	19.80	0.40	6	19.80	0.40	6	nan	nan	0	nan	nan	2
NB1 / B3	GBSX58	02	0.11	0.41	9	4.23	0.64	9	9.11	0.36	19	nan	nan	1	nan	nan	0	0.24	0.09	9	6.77	0.99	9	43.92	20.80	9	0.13	0.04	9	6.28	0.83	9	0.36	0.25	9	20.67	1.20	9	20.67	1.20	9	nan	nan	0	3.12	1.02	4
NB1 / B3	GBSX58	03	0.12	0.28	16	3.88	0.68	16	9.11	0.40	23	nan	nan	1	nan	nan	0	0.22	0.07	16	6.94	1.04	16	58.22	26.35	16	0.16	0.05	16	6.43	0.92	16	0.38	0.29	15	20.98	1.73	16	20.98	1.73	16	nan	nan	0	2.50	1.37	8
NB1 / B3	GBSX58	04	1.12	0.91	13	4.05	0.44	13	8.95	0.72	28	nan	nan	2	nan	nan	0	0.11	0.08	14	4.52	2.46	14	40.20	18.58	14	0.14	0.03	14	4.12	2.34	14	0.26	0.16	14	19.02	2.24	14	19.02	2.24	14	nan	nan	0	4.00	1.41	5
NB1 / B3	GBSX58	05	5.70	1.22	19	3.59	0.34	19	8.66	0.62	38	111.42	4.32	3	nan	nan	0	0.06	0.04	20	1.22	1.28	20	32.92	7.32	20	0.10	0.04	20	0.86	1.25	20	0.26	0.12	20	17.63	1.96	20	17.63	1.96	20	nan	nan	0	2.50	0.85	13
NB1 / B3	GBSX58	06	10.05	1.67	14	3.63	0.27	13	7.85	0.65	37	nan	nan	2	nan	nan	0	0.04	0.05	14	0.87	0.68	14	27.07	3.91	14	0.10	0.06	14	0.55	0.61	14	0.22	0.08	14	16.25	1.39	14	16.25	1.39	14	nan	nan	0	3.46	0.72	12
NB1 / B3	GBSX58	07	14.80	3.50	9	3.66	0.49	8	7.03	0.58	27	nan	nan	1	nan	nan	0	0.03	0.01	7	0.67	0.68	7	24.63	4.44	7	0.12	0.12	7	0.28	0.48	7	0.32	0.29	6	16.01	1.27	7	16.01	1.27	7	nan	nan	0	3.60	1.07	5
NB1 / B3	GBSX58	08	15.73	2.36	14	3.77	0.33	14	6.42	0.84	40	nan	nan	2	nan	nan	0	0.03	0.01	12	0.82	0.67	11	23.49	3.76	13	0.08	0.04	12	0.42	0.52	11	0.29	0.18	12	16.17	1.12	13	16.17	1.12	13	nan	nan	0	3.81	0.79	8
NB1 / B3	GBSX58	09	11.73	2.26	13	4.18	0.48	13	6.53	0.70	36	nan	nan	2	nan	nan	0	0.08	0.09	12	1.28	1.03	12	24.37	2.38	12	0.11	0.04	12	0.96	0.95	12	0.26	0.15	10	17.23	1.40	12	17.23	1.40	12	nan	nan	0	3.81	0.56	8
NB1 / B3	GBSX58	10	8.13	2.45	11	4.40	0.60	11	7.02	0.65	27	nan	nan	2	nan	nan	0	0.20	0.18	11	3.22	1.06	10	28.19	3.07	11	0.18	0.04	11	2.57	1.13	10	0.49	0.37	10	19.09	1.27	11	19.09	1.27	11	nan	nan	0	3.50	0.65	7
NB1 / B3	GBSX58	11	3.84	1.58	7	4.58	0.29	7	7.83	0.71	19	nan	nan	1	nan	nan	0	0.30	0.14	7	4.69	0.67	7	29.57	3.99	7	0.19	0.07	7	4.11	0.81	7	0.39	0.18	7	19.32	1.54	7	19.32	1.54	7	nan	nan	0	nan	nan	2
NB1 / B3	GBSX58	12	2.99	1.07	6	4.57	0.51	6	8.42	0.72	18	nan	nan	0	nan	nan	0	0.32	0.16	6	5.28	0.77	6	28.89	4.73	6	0.18	0.07	6	4.76	0.58	6	0.35	0.22	6	19.40	1.24	6	19.40	1.24	6	nan	nan	0	nan	nan	1
F9 / A13	GBBX43	01	1.29	0.67	12	3.08	0.05	12	7.71	0.26	18	nan	nan	1	nan	nan	0	0.04	0.01	11	7.35	0.50	11	36.19	1.96	11	0.05	0.01	11	7.20	0.47	11	0.10	0.04	11	19.23	1.25	12	19.23	1.25	12	nan	nan	0	nan	nan	0
F9 / A13	GBBX43	02	0.22	0.34	7	3.11	0.05	7	8.14	0.37	7	nan	nan	0	nan	nan	0	0.05	0.01	7	7.43	0.50	7	36.73	2.29	7	0.05	0.01	7	7.29	0.46	7	0.10	0.04	7	19.19	0.91	7	19.19	0.91	7	nan	nan	0	nan	nan	1
F9 / A13	GBBX43	03	-0.04	0.23	11	3.11	0.09	11	8.77	0.64	7	nan	nan	0	nan	nan	0	0.04	0.01	11	8.13	0.66	11	38.23	3.10	11	0.05	0.01	11	7.88	0.58	11	0.20	0.09	11	20.62	1.24	11	20.62	1.24	11	nan	nan	0	nan	nan	0
F9 / A13	GBBX43	04	0.53	0.45	13	3.11	0.07	13	8.59	0.62	9	nan	nan	0	nan	nan	0	nan	nan	0	nan	nan	0	nan	nan	0	nan	nan	0	nan	nan	0	nan	nan	0	19.18	0.76	13	19.18	0.76	13	nan	nan	0	nan	nan	1
F9 / A13	GBBX43	05	2.26	1.12	18	3.05	0.10	18	8.86	0.29	25	nan	nan	1	nan	nan	0	nan	nan	1	nan	nan	1	nan	nan	1	nan	nan	1	nan	nan	1	nan	nan	1	19.38	1.18	18	19.38	1.18	18	nan	nan	0	5.67	1.31	3
F9 / A13	GBBX43	06	5.80	2.22	19	3.02	0.11	18	8.84	0.39	29	nan	nan	1	nan	nan	0	nan	nan	1	nan	nan	1	nan	nan	1	nan	nan	1	nan	nan	1	nan	nan	1	19.12	1.97	19	19.12	1.97	19	nan	nan	0	4.88	0.82	4
F9 / A13	GBBX43	07	13.21	2.51	17	2.90	0.12	15	8.64	0.26	24	nan	nan	0	nan	nan	0	nan	nan	2	nan	nan	2	nan	nan	1	nan	nan	2	nan	nan	2	nan	nan	2	16.62	1.21	17	16.62	1.21	17	nan	nan	0	4.75	0.25	4
F9 / A13	GBBX43	08	15.15	1.41	15	2.91	0.12	14	8.23	0.31	25	nan	nan	0	nan	nan	0	nan	nan	2	nan	nan	2	nan	nan	1	nan	nan	2	nan	nan	2	nan	nan	1	16.47	0.89	16	16.47	0.89	16	nan	nan	0	nan	nan	1
F9 / A13	GBBX43	09	12.38	2.85	10	2.92	0.11	10	7.91	0.41	24	nan	nan	0	nan	nan	0	nan	nan	0	nan	nan	0	nan	nan	0	nan	nan	0	nan	nan	0	nan	nan	0	17.31	1.24	10	17.31	1.24	10	nan	nan	0	nan	nan	1
F9 / A13	GBBX43	10	7.05	0.91	6	2.91	0.08	6	7.68	0.27	15	nan	nan	0	nan	nan	0	nan	nan	0	nan	nan	0	nan	nan	0	nan	nan	0	nan	nan	0	nan	nan	0	18.67	0.88	7	18.67	0.88	7	nan	nan	0	nan	nan	2
F9 / A13	GBBX43	11	5.04	0.60	7	2.99	0.12	7	7.71	0.22	16	nan	nan	0	nan	nan	0	nan	nan	0	nan	nan	0	nan	nan	0	nan	nan	0	nan	nan	0	nan	nan	0	18.56	0.81	7	18.56	0.81	7	nan	nan	0	nan	nan	0
F9 / A13	GBBX43	12	3.35	1.06	24	3.03	0.07	24	7.52	0.28	24	96.65	1.34	12	nan	nan	0	0.05	0.02	23	6.51	0.56	23	35.57	3.46	23	0.09	0.04	22	6.27	0.59	22	0.25	0.16	22	20.15	2.78	24	20.15	2.78	24	nan	nan	0	nan	nan	2
F3 / A5	GBBX45	01	0.85	0.57	11	3.02	0.06	11	8.89	0.37	18	nan	nan	1	nan	nan	0	0.05	0.01	10	7.23	0.66	10	36.49	1.47	10	0.06	0.01	10	6.96	0.65	10	0.21	0.18	10	19.48	1.14	11	19.48	1.14	11	nan	nan	0	nan	nan	0
F3 / A5	GBBX45	02	-0.06	0.13	5	3.06	0.05	5	9.15	0.48	10	nan	nan	0	nan	nan	0	0.05	0.02	6	7.59	0.50	6	37.31	2.67	6	0.09	0.05	6	7.37	0.44	6	0.13	0.07	6	19.30	0.95	6	19.30	0.95	6	nan	nan	0	nan	nan	1
F3 / A5	GBBX45	03	-0.08	0.10	13	3.00	0.26	13	8.51	0.61	13	nan	nan	0	nan	nan	0	0.05	0.01	13	7.89	0.48	13	38.47	2.90	13	0.06	0.01	13	7.68	0.46	13	0.16	0.04	13	20.29	0.95	13	20.29	0.95	13	nan	nan	0	nan	nan	0
F3 / A5	GBBX45	04	0.26	0.32	7	3.04	0.08	7	8.85	0.67	7	nan	nan	0	nan	nan	0	nan	nan	0	nan	nan	0	nan	nan	0	nan	nan	0	nan	nan	0	nan	nan	0	19.70	0.69	7	19.70	0.69	7	nan	nan	0	nan	nan	1
F3 / A5	GBBX45	05	1.17	0.76	19	3.02	0.08	19	8.58	0.74	27	nan	nan	1	nan	nan	0	nan	nan	1	nan	nan	1	nan	nan	1	nan	nan	1	nan	nan	1	nan	nan	1	19.15	1.60	19	19.15	1.60	19	nan	nan	0	5.38	1.39	4
F3 / A5	GBBX45	06	6.38	2.88	20	2.80	0.24	19	8.43	0.52	32	nan	nan	1	nan	nan	0	nan	nan	1	nan	nan	1	nan	nan	1	nan	nan	1	nan	nan	1	nan	nan	1	18.99	1.75	20	18.99	1.75	20	nan	nan	0	4.00	0.35	4
F3 / A5	GBBX45	07	13.58	2.50	16	2.65	0.22	14	8.41	0.43	16	nan	nan	0	nan	nan	0	nan	nan	2	nan	nan	2	nan	nan	1	nan	nan	2	nan	nan	2	nan	nan	2	17.57	2.00	16	17.57	2.00	16	nan	nan	0	4.38	0.96	4
F3 / A5	GBBX45	08	15.70	1.44	14	2.55	0.11	13	8.25	0.43	28	nan	nan	0	nan	nan	0	nan	nan	2	nan	nan	2	nan	nan	1	nan	nan	2	nan	nan	2	nan	nan	1	17.58	0.71	15	17.58	0.71	15	nan	nan	0	nan	nan	1
F3 / A5	GBBX45	09	13.19	1.81	10	2.74	0.14	10	8.13	0.64	21	nan	nan	0	nan	nan	0	nan	nan	0	nan	nan	0	nan	nan	0	nan	nan	0	nan	nan	0	nan	nan	0	17.39	1.12	10	17.39	1.12	10	nan	nan	0	nan	nan	1
F3 / A5	GBBX45	10	7.27	1.55	6	2.89	0.08	6	8.10	0.38	12	nan	nan	0	nan	nan	0	nan	nan	0	nan	nan	0	nan	nan	0	nan	nan	0	nan	nan	0	nan	nan	0	18.77	0.57	6	18.77	0.57	6	nan	nan	0	nan	nan	2
F3 / A5	GBBX45	11	5.17	0.83	7	2.98	0.11	7	8.07	0.25	23	nan	nan	0	nan	nan	0	nan	nan	0	nan	nan	0	nan	nan	0	nan	nan	0	nan	nan	0	nan	nan	0	18.73	1.02	7	18.73	1.02	7	nan	nan	0	nan	nan	0
F3 / A5	GBBX45	12	3.51	1.60	13	2.94	0.13	13	8.16	0.42	20	nan	nan	0	nan	nan	0	0.04	0.02	12	6.35	0.67	12	36.62	3.26	12	0.11	0.04	11	5.79	0.83	11	0.47	0.22	12	19.20	0.79	13	19.20	0.79	13	nan	nan	0	nan	nan	1